Input:
4 atoms
79      0.00000  -5.00000   0.00000
79      0.00000   0.00000   0.00000
79      0.00000   5.00000   0.00000
79     -4.60000   0.00000   0.00000

Initial Energy: -1.73583
Analytical Gradient: 
-0.04219 -0.89489 -0.04219  0.97927
 0.56398  0.00000 -0.56398  0.00000
 0.00000  0.00000  0.00000  0.00000

Forward Difference Gradient (h=0.10000):
-0.04615 -0.84460 -0.04615  1.04887
 0.60210  0.05965 -0.52940 -0.00668
-0.00561 -0.01999 -0.00561 -0.01064
Central Difference Gradient (h=0.10000):
-0.04221 -0.89817 -0.04221  0.98259
 0.56575 -0.00000 -0.56575  0.00000
-0.00000 -0.00000 -0.00000 -0.00000

Forward Difference Gradient (h=0.01000):
-0.04259 -0.88957 -0.04259  0.98592
 0.56763  0.00595 -0.56037 -0.00067
-0.00056 -0.00200 -0.00056 -0.00106
Central Difference Gradient (h=0.01000):
-0.04219 -0.89492 -0.04219  0.97930
 0.56400  0.00000 -0.56400 -0.00000
-0.00000 -0.00000 -0.00000 -0.00000

Forward Difference Gradient (h=0.00100):
-0.04223 -0.89435 -0.04223  0.97993
 0.56435  0.00060 -0.56362 -0.00007
-0.00006 -0.00020 -0.00006 -0.00011
Central Difference Gradient (h=0.00100):
-0.04219 -0.89489 -0.04219  0.97927
 0.56398  0.00000 -0.56398 -0.00000
-0.00000 -0.00000 -0.00000 -0.00000

Forward Difference Gradient (h=0.00010):
-0.04220 -0.89483 -0.04220  0.97933
 0.56402  0.00006 -0.56395 -0.00001
-0.00001 -0.00002 -0.00001 -0.00001
Central Difference Gradient (h=0.00010):
-0.04219 -0.89489 -0.04219  0.97927
 0.56398 -0.00000 -0.56398 -0.00000
-0.00000 -0.00000 -0.00000 -0.00000

