Nuclear Repulsion Energy=89.2164
Electron Energy=-602.188
Total Energy=-512.971

Suv_RA
        0  0.344556         0  0.630232  0.630232 -0.344556         0         0         0         0         0         0         0         0         0 -0.630232         0         0         0         0 -0.630232         0         0         0         0
        0         0         0         0         0         0         0         0         0         0         0         0         0         0         0         0         0         0         0         0         0         0         0         0         0
        0         0         0         0         0         0         0         0         0         0         0         0         0         0         0         0         0         0         0         0         0         0         0         0         0

coef Xuv
-15.1751 -16.4419  35.9201       -0       -0
-16.4419 -114.946 -19.7811       -0       -0
 35.9201 -19.7811 -80.7848       -0       -0
      -0       -0       -0     -124       -0
      -0       -0       -0       -0      -62


gradient (gamma part)
       0  5.13807 -5.13807        0
       0        0        0        0
       0        0        0        0

Yab
-1.33074 -6.51232
-6.51232 -41.6446

e term 1
-5.66515  5.66515
       0        0
       0        0

e term 2
-33.4607  33.4607
       0        0
       0        0

e grad total
-39.1259  39.1259
       0        0
       0        0


gradient (Nuclear part)
 48.7521 -48.7521
       0        0
       0        0

TOTAL GRAD
 9.62626 -9.62626
       0        0
       0        0

