Read in the following:
Simulation: 
    n_atoms=4, charge=0, n_AOs= 10, n_e-=14, n_valence_e=10
    1       0.00000   0.00000   0.00000
    6       2.07870   0.00000   0.00000
    6       4.36530   0.00000   0.00000
    1       6.44400   0.00000   0.00000

Overlap Matrix S:
 1.00000  0.48501 -0.46382  0.00000  0.00000  0.07295 -0.09755  0.00000  0.00000  0.00740
 0.48501  1.00000  0.00000  0.00000  0.00000  0.46629 -0.45219  0.00000  0.00000  0.07295
-0.46382  0.00000  1.00000  0.00000  0.00000  0.45219 -0.31207  0.00000  0.00000  0.09755
 0.00000  0.00000  0.00000  1.00000  0.00000  0.00000  0.00000  0.29737  0.00000  0.00000
 0.00000  0.00000  0.00000  0.00000  1.00000  0.00000  0.00000  0.00000  0.29737  0.00000
 0.07295  0.46629  0.45219  0.00000  0.00000  1.00000  0.00000  0.00000  0.00000  0.48501
-0.09755 -0.45219 -0.31207  0.00000  0.00000  0.00000  1.00000  0.00000  0.00000  0.46382
 0.00000  0.00000  0.00000  0.29737  0.00000  0.00000  0.00000  1.00000  0.00000  0.00000
 0.00000  0.00000  0.00000  0.00000  0.29737  0.00000  0.00000  0.00000  1.00000  0.00000
 0.00740  0.07295  0.09755  0.00000  0.00000  0.48501  0.46382  0.00000  0.00000  1.00000

Huckel Hamiltonian Matrix H:
-13.60000 -14.85358  10.14605   0.00000   0.00000  -2.23417   2.13383   0.00000   0.00000  -0.17609
-14.85358 -21.40000   0.00000   0.00000   0.00000 -17.46245  12.97775   0.00000   0.00000  -2.23417
 10.14605   0.00000 -11.40000   0.00000   0.00000 -12.97775   6.22585   0.00000   0.00000  -2.13383
  0.00000   0.00000   0.00000 -11.40000   0.00000   0.00000   0.00000  -5.93255   0.00000   0.00000
  0.00000   0.00000   0.00000   0.00000 -11.40000   0.00000   0.00000   0.00000  -5.93255   0.00000
 -2.23417 -17.46245 -12.97775   0.00000   0.00000 -21.40000   0.00000   0.00000   0.00000 -14.85358
  2.13383  12.97775   6.22585   0.00000   0.00000   0.00000 -11.40000   0.00000   0.00000 -10.14605
  0.00000   0.00000   0.00000  -5.93255   0.00000   0.00000   0.00000 -11.40000   0.00000   0.00000
  0.00000   0.00000   0.00000   0.00000  -5.93255   0.00000   0.00000   0.00000 -11.40000   0.00000
 -0.17609  -2.23417  -2.13383   0.00000   0.00000 -14.85358 -10.14605   0.00000   0.00000 -13.60000

Matrix X:
 1.26865 -0.29295  0.39220  0.00000  0.00000 -0.08612  0.07231  0.00000  0.00000 -0.01205
-0.29295  1.48017  0.20371  0.00000  0.00000 -0.46197  0.48690  0.00000  0.00000 -0.08612
 0.39220  0.20371  1.45011  0.00000  0.00000 -0.48690  0.42301  0.00000  0.00000 -0.07231
 0.00000  0.00000  0.00000  1.03547  0.00000  0.00000  0.00000 -0.15752  0.00000  0.00000
 0.00000  0.00000  0.00000  0.00000  1.03547  0.00000  0.00000  0.00000 -0.15752  0.00000
-0.08612 -0.46197 -0.48690  0.00000  0.00000  1.48017 -0.20371  0.00000  0.00000 -0.29295
 0.07231  0.48690  0.42301  0.00000  0.00000 -0.20371  1.45011  0.00000  0.00000 -0.39220
 0.00000  0.00000  0.00000 -0.15752  0.00000  0.00000  0.00000  1.03547  0.00000  0.00000
 0.00000  0.00000  0.00000  0.00000 -0.15752  0.00000  0.00000  0.00000  1.03547  0.00000
-0.01205 -0.08612 -0.07231  0.00000  0.00000 -0.29295 -0.39220  0.00000  0.00000  1.26865

Check orthogonalizatoin X^t * S * X:
1.00000 0.00000 0.00000 0.00000 0.00000 0.00000 0.00000 0.00000 0.00000 0.00000
0.00000 1.00000 0.00000 0.00000 0.00000 0.00000 0.00000 0.00000 0.00000 0.00000
0.00000 0.00000 1.00000 0.00000 0.00000 0.00000 0.00000 0.00000 0.00000 0.00000
0.00000 0.00000 0.00000 1.00000 0.00000 0.00000 0.00000 0.00000 0.00000 0.00000
0.00000 0.00000 0.00000 0.00000 1.00000 0.00000 0.00000 0.00000 0.00000 0.00000
0.00000 0.00000 0.00000 0.00000 0.00000 1.00000 0.00000 0.00000 0.00000 0.00000
0.00000 0.00000 0.00000 0.00000 0.00000 0.00000 1.00000 0.00000 0.00000 0.00000
0.00000 0.00000 0.00000 0.00000 0.00000 0.00000 0.00000 1.00000 0.00000 0.00000
0.00000 0.00000 0.00000 0.00000 0.00000 0.00000 0.00000 0.00000 1.00000 0.00000
0.00000 0.00000 0.00000 0.00000 0.00000 0.00000 0.00000 0.00000 0.00000 1.00000
    is identity check: 1

Matrix V: 
 0.23344  0.45938  0.43216  0.00000  0.00000  0.00000  0.00000  0.53754 -0.50867  0.00437
 0.65220  0.37966 -0.03310  0.00000  0.00000  0.00000  0.00000 -0.32851  0.27118  0.49793
 0.14192 -0.38056 -0.55870  0.00000  0.00000  0.00000  0.00000  0.32114 -0.40953  0.50204
 0.00000  0.00000  0.00000 -0.16900 -0.68661 -0.25852 -0.65815  0.00000  0.00000  0.00000
 0.00000  0.00000  0.00000 -0.68661  0.16900 -0.65815  0.25852  0.00000  0.00000  0.00000
 0.65220 -0.37966 -0.03310  0.00000  0.00000  0.00000  0.00000  0.32851  0.27118 -0.49793
-0.14192 -0.38056  0.55870  0.00000  0.00000  0.00000  0.00000  0.32114  0.40953  0.50204
 0.00000  0.00000  0.00000 -0.16900 -0.68661  0.25852  0.65815  0.00000  0.00000  0.00000
 0.00000  0.00000  0.00000 -0.68661  0.16900  0.65815 -0.25852  0.00000  0.00000  0.00000
 0.23344 -0.45938  0.43216  0.00000  0.00000  0.00000  0.00000 -0.53754 -0.50867 -0.00437

Matrix C: 
 0.09151  0.33303  0.37688  0.00000  0.00000  0.00000  0.00000  0.90554 -0.87300  0.13580
 0.53539  0.37953 -0.03931  0.00000  0.00000  0.00000  0.00000 -0.52740  0.58491  1.31286
 0.03575 -0.23725 -0.42622  0.00000  0.00000  0.00000  0.00000  0.62436 -0.66014  1.28629
 0.00000  0.00000  0.00000 -0.14837 -0.60281 -0.30841 -0.78517  0.00000  0.00000  0.00000
 0.00000  0.00000  0.00000 -0.60281  0.14837 -0.78517  0.30841  0.00000  0.00000  0.00000
 0.53539 -0.37953 -0.03931  0.00000  0.00000  0.00000  0.00000  0.52740  0.58491 -1.31286
-0.03575 -0.23725  0.42622  0.00000  0.00000  0.00000  0.00000  0.62436  0.66014  1.28629
 0.00000  0.00000  0.00000 -0.14837 -0.60281  0.30841  0.78517  0.00000  0.00000  0.00000
 0.00000  0.00000  0.00000 -0.60281  0.14837  0.78517 -0.30841  0.00000  0.00000  0.00000
 0.09151 -0.33303  0.37688  0.00000  0.00000  0.00000  0.00000 -0.90554 -0.87300 -0.13580

Orbital energies Vector E:
-26.79253
-19.63008
-15.44271
-13.35975
-13.35975
 -7.78142
 -7.78142
  6.54517
 10.46392
 56.05331

TOTAL ENERGY: 
-177.16963
