Input:
5 atoms
79      0.00000  -5.00000   0.00000
79      4.00000   0.00000   0.00000
79      0.00000   5.00000   0.00000
79     -3.60000   0.00000   0.00000
79      0.00000   0.00000   2.00000

Initial Energy: -3.23679
Initial Gradient:
-0.01303 -1.10763 -0.01303  1.74932 -0.61562
 0.46573 -0.00000 -0.46573 -0.00000  0.00000
 0.11534  0.48078  0.11534  0.87621 -1.58766
Optimization Step: 0
Updated Coordiantes:
5 atoms
79     -0.00487  -4.82589   0.04312
79      3.58592   0.00000   0.17973
79     -0.00487   4.82589   0.04312
79     -2.94603   0.00000   0.32756
79     -0.23014   0.00000   1.40647

Updated Energy: -8.48847
Optimization Step: 1
Updated Coordiantes:
5 atoms
79     -0.01380  -4.68734   0.06944
79      3.18789   0.00000   0.29253
79     -0.01380   4.68734   0.06944
79     -3.11748   0.00000   0.23356
79      0.35719   0.00000   1.33504

Updated Energy: -9.76070
Optimization Step: 2
Updated Coordiantes:
5 atoms
79     -0.00941  -4.58344   0.08821
79      2.92093   0.00000   0.37519
79     -0.00941   4.58344   0.08821
79     -2.71822   0.00000   0.34656
79      0.21611   0.00000   1.10184

Updated Energy: -12.36133
Optimization Step: 3
Updated Coordiantes:
5 atoms
79     -0.00928  -4.57598   0.08936
79      2.98148   0.00000   0.35791
79     -0.00928   4.57598   0.08936
79     -2.70032   0.00000   0.35014
79      0.13740   0.00000   1.11324

Updated Energy: -13.18683
Optimization Step: 4
Updated Coordiantes:
5 atoms
79     -0.00372  -2.96769   0.33923
79      2.78826   0.00000   0.20459
79     -0.00372   2.96769   0.33923
79     -2.68993   0.00000   0.12603
79      0.30912  -0.00000   0.99091

Updated Energy: -19.89963
Optimization Step: 5
Updated Coordiantes:
5 atoms
79     -0.00311  -2.95005   0.34065
79      2.94031   0.00000   0.15409
79     -0.00311   2.95005   0.34065
79     -2.66969   0.00000   0.12996
79      0.13559  -0.00000   1.03465

Updated Energy: -26.99556
Optimization Step: 6
Updated Coordiantes:
5 atoms
79     -0.00717  -2.81900   0.35066
79      2.89132   0.00000   0.15396
79     -0.00717   2.81900   0.35066
79     -2.59873   0.00000   0.13433
79      0.12174  -0.00000   1.01039

Updated Energy: -28.05631
Optimization Step: 7
Updated Coordiantes:
5 atoms
79     -0.01422  -2.80715   0.33887
79      2.88449   0.00000   0.14577
79     -0.01422   2.80715   0.33887
79     -2.61827   0.00000   0.11525
79      0.16221  -0.00000   1.06123

Updated Energy: -28.25637
Optimization Step: 8
Updated Coordiantes:
5 atoms
79     -0.02009  -2.79332   0.32955
79      2.89727   0.00000   0.13200
79     -0.02009   2.79332   0.32955
79     -2.58196   0.00000   0.11646
79      0.12488  -0.00000   1.09245

Updated Energy: -28.46993
Optimization Step: 9
Updated Coordiantes:
5 atoms
79     -0.02930  -2.77680   0.31514
79      2.86137   0.00000   0.13108
79     -0.02930   2.77680   0.31514
79     -2.57891   0.00000   0.10024
79      0.17614  -0.00000   1.13839

Updated Energy: -28.72123
Optimization Step: 10
Updated Coordiantes:
5 atoms
79     -0.03659  -2.75973   0.30441
79      2.87552   0.00000   0.11400
79     -0.03659   2.75973   0.30441
79     -2.53435   0.00000   0.10280
79      0.13200  -0.00000   1.17437

Updated Energy: -29.01618
Optimization Step: 11
Updated Coordiantes:
5 atoms
79     -0.04810  -2.73850   0.28770
79      2.83113   0.00000   0.11461
79     -0.04810   2.73850   0.28770
79     -2.52859   0.00000   0.08268
79      0.19366  -0.00000   1.22730

Updated Energy: -29.36934
Optimization Step: 12
Updated Coordiantes:
5 atoms
79     -0.05719  -2.71530   0.27568
79      2.84706   0.00000   0.09288
79     -0.05719   2.71530   0.27568
79     -2.47314   0.00000   0.08731
79      0.14047  -0.00000   1.26845

Updated Energy: -29.79102
Optimization Step: 13
Updated Coordiantes:
5 atoms
79     -0.07185  -2.68693   0.25610
79      2.79132   0.00000   0.09601
79     -0.07185   2.68693   0.25610
79     -2.46393   0.00000   0.06148
79      0.21631  -0.00000   1.33030

Updated Energy: -30.30687
Optimization Step: 14
Updated Coordiantes:
5 atoms
79     -0.08337  -2.65445   0.24269
79      2.80941   0.00000   0.06743
79     -0.08337   2.65445   0.24269
79     -2.39324   0.00000   0.06947
79      0.15057  -0.00000   1.37772

Updated Energy: -30.93766
Optimization Step: 15
Updated Coordiantes:
5 atoms
79     -0.10229  -2.61596   0.21904
79      2.73769   0.00000   0.07488
79     -0.10229   2.61596   0.21904
79     -2.37939   0.00000   0.03489
79      0.24628  -0.00000   1.45215

Updated Energy: -31.72615
Optimization Step: 16
Updated Coordiantes:
5 atoms
79     -0.11664  -2.56901   0.20454
79      2.75756   0.00000   0.03603
79     -0.11664   2.56901   0.20454
79     -2.28733   0.00000   0.04852
79      0.16304  -0.00000   1.50637

Updated Energy: -32.71359
Optimization Step: 17
Updated Coordiantes:
5 atoms
79     -0.13996  -2.51712   0.17480
79      2.66307   0.00000   0.05043
79     -0.13996   2.51712   0.17480
79     -2.26798   0.00000   0.00059
79      0.28482  -0.00000   1.59937

Updated Energy: -33.93932
Optimization Step: 18
Updated Coordiantes:
5 atoms
79     -0.15421  -2.45072   0.16146
79      2.67950   0.00000  -0.00102
79     -0.15421   2.45072   0.16146
79     -2.15386   0.00000   0.02262
79      0.18279  -0.00000   1.65548

Updated Energy: -35.42908
Optimization Step: 19
Updated Coordiantes:
5 atoms
79     -0.17133  -2.39057   0.12372
79      2.55660   0.00000   0.02107
79     -0.17133   2.39057   0.12372
79     -2.13217   0.00000  -0.03673
79      0.31822  -0.00000   1.76821

Updated Energy: -37.00827
Optimization Step: 20
Updated Coordiantes:
5 atoms
79     -0.16875  -2.31859   0.11727
79      2.55126   0.00000  -0.03314
79     -0.16875   2.31859   0.11727
79     -2.03136   0.00000  -0.00977
79      0.21760  -0.00000   1.80835

Updated Energy: -38.48622
Optimization Step: 21
Updated Coordiantes:
5 atoms
79     -0.11956  -2.27217   0.06660
79      2.35615   0.00000  -0.01025
79     -0.11956   2.27217   0.06660
79     -2.03868  -0.00000  -0.06032
79      0.32165  -0.00000   1.93736

Updated Energy: -39.97776
Optimization Step: 22
Updated Coordiantes:
5 atoms
79     -0.07819  -2.19194   0.07337
79      2.33999   0.00000  -0.10133
79     -0.07819   2.19194   0.07337
79     -1.96217   0.00000  -0.02435
79      0.17856  -0.00000   1.97894

Updated Energy: -41.79037
Optimization Step: 23
Updated Coordiantes:
5 atoms
79      0.01986  -2.17908   0.05030
79      2.16496   0.00000  -0.06941
79      0.01986   2.17908   0.05030
79     -2.02356  -0.00000  -0.03956
79      0.21887  -0.00000   2.00837

Updated Energy: -43.59497
Optimization Step: 24
Updated Coordiantes:
5 atoms
79      0.03674  -2.12346   0.04195
79      2.14276   0.00000  -0.13105
79      0.03674   2.12346   0.04195
79     -1.94767  -0.00000  -0.01337
79      0.13143  -0.00000   2.06052

Updated Energy: -44.61987
Optimization Step: 25
Updated Coordiantes:
5 atoms
79      0.06448  -2.11977   0.03484
79      2.09254   0.00000  -0.12128
79      0.06448   2.11977   0.03484
79     -1.96502  -0.00000  -0.01964
79      0.14352  -0.00000   2.07124

Updated Energy: -44.86405
Optimization Step: 26
Updated Coordiantes:
5 atoms
79      0.06554  -2.11699   0.03092
79      2.08432   0.00000  -0.12986
79      0.06554   2.11699   0.03092
79     -1.94440  -0.00000  -0.01334
79      0.12901  -0.00000   2.08137

Updated Energy: -44.89936
Optimization Step: 27
Updated Coordiantes:
5 atoms
79      0.06990  -2.12205   0.03071
79      2.07613  -0.00000  -0.13018
79      0.06990   2.12205   0.03071
79     -1.94663  -0.00000  -0.01598
79      0.13070  -0.00000   2.08475

Updated Energy: -44.90695
Optimization Step: 28
Updated Coordiantes:
5 atoms
79      0.06818  -2.12419   0.03368
79      2.07193   0.00000  -0.13322
79      0.06818   2.12419   0.03368
79     -1.93568  -0.00000  -0.01582
79      0.12740  -0.00000   2.08169

Updated Energy: -44.91293
Optimization Step: 29
Updated Coordiantes:
5 atoms
79      0.06995  -2.12967   0.03485
79      2.06864  -0.00000  -0.13548
79      0.06995   2.12967   0.03485
79     -1.93791  -0.00000  -0.02030
79      0.12938  -0.00000   2.08608

Updated Energy: -44.91883
Optimization Step: 30
Updated Coordiantes:
5 atoms
79      0.06910  -2.13019   0.03910
79      2.06266   0.00000  -0.13773
79      0.06910   2.13019   0.03910
79     -1.92900  -0.00000  -0.02168
79      0.12814  -0.00000   2.08121

Updated Energy: -44.92505
Optimization Step: 31
Updated Coordiantes:
5 atoms
79      0.06977  -2.13623   0.04046
79      2.06160  -0.00000  -0.14141
79      0.06977   2.13623   0.04046
79     -1.93011  -0.00000  -0.02618
79      0.12899  -0.00000   2.08666

Updated Energy: -44.93176
Optimization Step: 32
Updated Coordiantes:
5 atoms
79      0.06959  -2.13647   0.04529
79      2.05383  -0.00000  -0.14341
79      0.06959   2.13647   0.04529
79     -1.92149  -0.00000  -0.02823
79      0.12847  -0.00000   2.08105

Updated Energy: -44.93927
Optimization Step: 33
Updated Coordiantes:
5 atoms
79      0.06983  -2.14311   0.04684
79      2.05351  -0.00000  -0.14790
79      0.06983   2.14311   0.04684
79     -1.92204  -0.00000  -0.03298
79      0.12886  -0.00000   2.08718

Updated Energy: -44.94747
Optimization Step: 34
Updated Coordiantes:
5 atoms
79      0.06990  -2.14332   0.05224
79      2.04442  -0.00000  -0.14996
79      0.06990   2.14332   0.05224
79     -1.91278  -0.00000  -0.03544
79      0.12857  -0.00000   2.08093

Updated Energy: -44.95677
Optimization Step: 35
Updated Coordiantes:
5 atoms
79      0.07001  -2.15063   0.05398
79      2.04430   0.00000  -0.15509
79      0.07001   2.15063   0.05398
79     -1.91315  -0.00000  -0.04064
79      0.12884  -0.00000   2.08777

Updated Energy: -44.96692
Optimization Step: 36
Updated Coordiantes:
5 atoms
79      0.07015  -2.15084   0.06000
79      2.03394   0.00000  -0.15735
79      0.07015   2.15084   0.06000
79     -1.90285  -0.00000  -0.04346
79      0.12860  -0.00000   2.08081

Updated Energy: -44.97848
Optimization Step: 37
Updated Coordiantes:
5 atoms
79      0.07023  -2.15890   0.06193
79      2.03387  -0.00000  -0.16309
79      0.07023   2.15890   0.06193
79     -1.90317  -0.00000  -0.04922
79      0.12884  -0.00000   2.08846

Updated Energy: -44.99111
Optimization Step: 38
Updated Coordiantes:
5 atoms
79      0.07041  -2.15912   0.06865
79      2.02211   0.00000  -0.16561
79      0.07041   2.15912   0.06865
79     -1.89154  -0.00000  -0.05240
79      0.12861  -0.00000   2.08071

Updated Energy: -45.00557
Optimization Step: 39
Updated Coordiantes:
5 atoms
79      0.07048  -2.16803   0.07080
79      2.02204   0.00000  -0.17204
79      0.07048   2.16803   0.07080
79     -1.89186  -0.00000  -0.05883
79      0.12886  -0.00000   2.08928

Updated Energy: -45.02136
Optimization Step: 40
Updated Coordiantes:
5 atoms
79      0.07069  -2.16826   0.07832
79      2.00865   0.00000  -0.17486
79      0.07069   2.16826   0.07832
79     -1.87865  -0.00000  -0.06241
79      0.12861  -0.00000   2.08062

Updated Energy: -45.03955
Optimization Step: 41
Updated Coordiantes:
5 atoms
79      0.07076  -2.17813   0.08072
79      2.00856   0.00000  -0.18207
79      0.07076   2.17813   0.08072
79     -1.87898  -0.00000  -0.06962
79      0.12889  -0.00000   2.09025

Updated Energy: -45.05943
Optimization Step: 42
Updated Coordiantes:
5 atoms
79      0.07101  -2.17836   0.08917
79      1.99326   0.00000  -0.18523
79      0.07101   2.17836   0.08917
79     -1.86388  -0.00000  -0.07366
79      0.12861  -0.00000   2.08055

Updated Energy: -45.08249
Optimization Step: 43
Updated Coordiantes:
5 atoms
79      0.07109  -2.18930   0.09184
79      1.99313   0.00000  -0.19334
79      0.07109   2.18930   0.09184
79     -1.86423  -0.00000  -0.08176
79      0.12892  -0.00000   2.09142

Updated Energy: -45.10770
Optimization Step: 44
Updated Coordiantes:
5 atoms
79      0.07136  -2.18955   0.10138
79      1.97552   0.00000  -0.19692
79      0.07136   2.18955   0.10138
79     -1.84685  -0.00000  -0.08635
79      0.12861  -0.00000   2.08051

Updated Energy: -45.13719
Optimization Step: 45
Updated Coordiantes:
5 atoms
79      0.07145  -2.20172   0.10437
79      1.97535   0.00000  -0.20607
79      0.07145   2.20172   0.10437
79     -1.84721  -0.00000  -0.09550
79      0.12897  -0.00000   2.09284

Updated Energy: -45.16948
Optimization Step: 46
Updated Coordiantes:
5 atoms
79      0.07176  -2.20196   0.11518
79      1.95491   0.00000  -0.21013
79      0.07176   2.20196   0.11518
79     -1.82704  -0.00000  -0.10074
79      0.12861  -0.00000   2.08051

Updated Energy: -45.20765
Optimization Step: 47
Updated Coordiantes:
5 atoms
79      0.07186  -2.21555   0.11855
79      1.95468   0.00000  -0.22053
79      0.07186   2.21555   0.11855
79     -1.82741  -0.00000  -0.11113
79      0.12902  -0.00000   2.09456

Updated Energy: -45.24949
Optimization Step: 48
Updated Coordiantes:
5 atoms
79      0.07222  -2.21579   0.13087
79      1.93074   0.00000  -0.22516
79      0.07222   2.21579   0.13087
79     -1.80378  -0.00000  -0.11714
79      0.12861  -0.00000   2.08056

Updated Energy: -45.29959
Optimization Step: 49
Updated Coordiantes:
5 atoms
79      0.07233  -2.23102   0.13468
79      1.93044   0.00000  -0.23704
79      0.07233   2.23102   0.13468
79     -1.80417  -0.00000  -0.12901
79      0.12908  -0.00000   2.09670

Updated Energy: -45.35462
Optimization Step: 50
Updated Coordiantes:
5 atoms
79      0.07273  -2.23125   0.14882
79      1.90207   0.00000  -0.24236
79      0.07273   2.23125   0.14882
79     -1.77616  -0.00000  -0.13596
79      0.12861  -0.00000   2.08067

Updated Energy: -45.42153
Optimization Step: 51
Updated Coordiantes:
5 atoms
79      0.07286  -2.24841   0.15317
79      1.90167   0.00000  -0.25604
79      0.07286   2.24841   0.15317
79     -1.77654  -0.00000  -0.14965
79      0.12915  -0.00000   2.09936

Updated Energy: -45.49520
Optimization Step: 52
Updated Coordiantes:
5 atoms
79      0.07333  -2.24863   0.16954
79      1.86761   0.00000  -0.26219
79      0.07333   2.24863   0.16954
79     -1.74290  -0.00000  -0.15776
79      0.12862  -0.00000   2.08086

Updated Energy: -45.58642
Optimization Step: 53
Updated Coordiantes:
5 atoms
79      0.07348  -2.26805   0.17454
79      1.86708   0.00000  -0.27810
79      0.07348   2.26805   0.17454
79     -1.74328  -0.00000  -0.17367
79      0.12925  -0.00000   2.10270

Updated Energy: -45.68705
Optimization Step: 54
Updated Coordiantes:
5 atoms
79      0.07403  -2.26824   0.19363
79      1.82563   0.00000  -0.28525
79      0.07403   2.26824   0.19363
79     -1.70232  -0.00000  -0.18321
79      0.12863  -0.00000   2.08119

Updated Energy: -45.81418
Optimization Step: 55
Updated Coordiantes:
5 atoms
79      0.07420  -2.29032   0.19945
79      1.82496   0.00000  -0.30391
79      0.07420   2.29032   0.19945
79     -1.70273  -0.00000  -0.20187
79      0.12937  -0.00000   2.10689

Updated Energy: -45.95423
Optimization Step: 56
Updated Coordiantes:
5 atoms
79      0.07484  -2.29044   0.22175
79      1.77419   0.00000  -0.31223
79      0.07484   2.29044   0.22175
79     -1.65253  -0.00000  -0.21312
79      0.12865  -0.00000   2.08186

Updated Energy: -46.13420
Optimization Step: 57
Updated Coordiantes:
5 atoms
79      0.07504  -2.31538   0.22859
79      1.77341   0.00000  -0.33416
79      0.07504   2.31538   0.22859
79     -1.65301  -0.00000  -0.23505
79      0.12952  -0.00000   2.11203

Updated Energy: -46.32984
Optimization Step: 58
Updated Coordiantes:
5 atoms
79      0.07578  -2.31536   0.25406
79      1.71258   0.00000  -0.34365
79      0.07578   2.31536   0.25406
79     -1.59283  -0.00000  -0.24804
79      0.12870  -0.00000   2.08357

Updated Energy: -46.57976
Optimization Step: 59
Updated Coordiantes:
5 atoms
79      0.07601  -2.34256   0.26215
79      1.71190   0.00000  -0.36879
79      0.07601   2.34256   0.26215
79     -1.59361  -0.00000  -0.27318
79      0.12968  -0.00000   2.11767

Updated Energy: -46.83801
Optimization Step: 60
Updated Coordiantes:
5 atoms
79      0.07679  -2.34218   0.28885
79      1.64643   0.00000  -0.37886
79      0.07679   2.34218   0.28885
79     -1.52883  -0.00000  -0.28701
79      0.12883  -0.00000   2.08816

Updated Energy: -47.14157
Optimization Step: 61
Updated Coordiantes:
5 atoms
79      0.07705  -2.36866   0.29816
79      1.64650   0.00000  -0.40504
79      0.07705   2.36866   0.29816
79     -1.53042  -0.00000  -0.31315
79      0.12981  -0.00000   2.12188

Updated Energy: -47.41374
Optimization Step: 62
Updated Coordiantes:
5 atoms
79      0.07774  -2.36745   0.32177
79      1.59157   0.00000  -0.41438
79      0.07774   2.36745   0.32177
79     -1.47612  -0.00000  -0.32565
79      0.12907  -0.00000   2.09649

Updated Energy: -47.66899
Optimization Step: 63
Updated Coordiantes:
5 atoms
79      0.07802  -2.38791   0.33138
79      1.59320   0.00000  -0.43670
79      0.07802   2.38791   0.33138
79     -1.47903  -0.00000  -0.34784
79      0.12980  -0.00000   2.12178

Updated Energy: -47.84848
Optimization Step: 64
Updated Coordiantes:
5 atoms
79      0.07853  -2.38536   0.34915
79      1.55918   0.00000  -0.44429
79      0.07853   2.38536   0.34915
79     -1.44551  -0.00000  -0.35738
79      0.12927  -0.00000   2.10337

Updated Energy: -47.97620
Optimization Step: 65
Updated Coordiantes:
5 atoms
79      0.07877  -2.39754   0.35736
79      1.56213   0.00000  -0.45978
79      0.07877   2.39754   0.35736
79     -1.44935  -0.00000  -0.37268
79      0.12969  -0.00000   2.11773

Updated Energy: -48.05105
Optimization Step: 66
Updated Coordiantes:
5 atoms
79      0.07911  -2.39411   0.36940
79      1.54443   0.00000  -0.46517
79      0.07911   2.39411   0.36940
79     -1.43199  -0.00000  -0.37908
79      0.12933  -0.00000   2.10544

Updated Energy: -48.09752
Optimization Step: 67
Updated Coordiantes:
5 atoms
79      0.07928  -2.40049   0.37512
79      1.54737   0.00000  -0.47478
79      0.07928   2.40049   0.37512
79     -1.43548  -0.00000  -0.38850
79      0.12955  -0.00000   2.11303

Updated Energy: -48.12374
Optimization Step: 68
Updated Coordiantes:
5 atoms
79      0.07949  -2.39748   0.38249
79      1.53826   0.00000  -0.47814
79      0.07949   2.39748   0.38249
79     -1.42658  -0.00000  -0.39239
79      0.12933  -0.00000   2.10556

Updated Energy: -48.13931
Optimization Step: 69
Updated Coordiantes:
5 atoms
79      0.07959  -2.40085   0.38598
79      1.54034   0.00000  -0.48379
79      0.07959   2.40085   0.38598
79     -1.42898  -0.00000  -0.39790
79      0.12945  -0.00000   2.10974

Updated Energy: -48.14804
Optimization Step: 70
Updated Coordiantes:
5 atoms
79      0.07972  -2.39883   0.39020
79      1.53543   0.00000  -0.48575
79      0.07972   2.39883   0.39020
79     -1.42420  -0.00000  -0.40015
79      0.12933  -0.00000   2.10550

Updated Energy: -48.15306
Optimization Step: 71
Updated Coordiantes:
5 atoms
79      0.07977  -2.40065   0.39221
79      1.53670   0.00000  -0.48897
79      0.07977   2.40065   0.39221
79     -1.42565  -0.00000  -0.40329
79      0.12940  -0.00000   2.10783

Updated Energy: -48.15586
Optimization Step: 72
Updated Coordiantes:
5 atoms
79      0.07984  -2.39946   0.39457
79      1.53401   0.00000  -0.49008
79      0.07984   2.39946   0.39457
79     -1.42303  -0.00000  -0.40455
79      0.12933  -0.00000   2.10550

Updated Energy: -48.15743
Optimization Step: 73
Updated Coordiantes:
5 atoms
79      0.07988  -2.40046   0.39570
79      1.53474   0.00000  -0.49189
79      0.07988   2.40046   0.39570
79     -1.42386  -0.00000  -0.40631
79      0.12937  -0.00000   2.10679

Updated Energy: -48.15830
Optimization Step: 74
Updated Coordiantes:
5 atoms
79      0.07991  -2.39978   0.39701
79      1.53325   0.00000  -0.49250
79      0.07991   2.39978   0.39701
79     -1.42241  -0.00000  -0.40701
79      0.12933  -0.00000   2.10550

Updated Energy: -48.15878
Optimization Step: 75
Updated Coordiantes:
5 atoms
79      0.07993  -2.40033   0.39764
79      1.53366   0.00000  -0.49350
79      0.07993   2.40033   0.39764
79     -1.42288  -0.00000  -0.40798
79      0.12935  -0.00000   2.10622

Updated Energy: -48.15905
Optimization Step: 76
Updated Coordiantes:
5 atoms
79      0.07995  -2.39995   0.39835
79      1.53285   0.00000  -0.49384
79      0.07995   2.39995   0.39835
79     -1.42208  -0.00000  -0.40837
79      0.12933  -0.00000   2.10551

Updated Energy: -48.15920
Optimization Step: 77
Updated Coordiantes:
5 atoms
79      0.07996  -2.40025   0.39870
79      1.53307   0.00000  -0.49440
79      0.07996   2.40025   0.39870
79     -1.42234  -0.00000  -0.40891
79      0.12934  -0.00000   2.10590

Updated Energy: -48.15928
Optimization Step: 78
Updated Coordiantes:
5 atoms
79      0.07997  -2.40004   0.39910
79      1.53263   0.00000  -0.49458
79      0.07997   2.40004   0.39910
79     -1.42191  -0.00000  -0.40912
79      0.12933  -0.00000   2.10552

Updated Energy: -48.15932
Optimization Step: 79
Updated Coordiantes:
5 atoms
79      0.07998  -2.40021   0.39929
79      1.53275   0.00000  -0.49489
79      0.07998   2.40021   0.39929
79     -1.42205  -0.00000  -0.40942
79      0.12934  -0.00000   2.10573

Updated Energy: -48.15935
Optimization Step: 80
Updated Coordiantes:
5 atoms
79      0.07999  -2.40009   0.39950
79      1.53251   0.00000  -0.49499
79      0.07999   2.40009   0.39950
79     -1.42181  -0.00000  -0.40954
79      0.12933  -0.00000   2.10552

Updated Energy: -48.15936
Optimization Step: 81
Updated Coordiantes:
5 atoms
79      0.07999  -2.40018   0.39961
79      1.53258   0.00000  -0.49516
79      0.07999   2.40018   0.39961
79     -1.42189  -0.00000  -0.40970
79      0.12934  -0.00000   2.10564

Updated Energy: -48.15937
Optimization Step: 82
Updated Coordiantes:
5 atoms
79      0.07999  -2.40012   0.39973
79      1.53244   0.00000  -0.49521
79      0.07999   2.40012   0.39973
79     -1.42176  -0.00000  -0.40976
79      0.12933  -0.00000   2.10552

Updated Energy: -48.15937
Optimization Step: 83
Updated Coordiantes:
5 atoms
79      0.07999  -2.40017   0.39979
79      1.53248   0.00000  -0.49530
79      0.07999   2.40017   0.39979
79     -1.42180  -0.00000  -0.40985
79      0.12933  -0.00000   2.10559

Updated Energy: -48.15938
Optimization Step: 84
Updated Coordiantes:
5 atoms
79      0.08000  -2.40014   0.39985
79      1.53240   0.00000  -0.49534
79      0.08000   2.40014   0.39985
79     -1.42173  -0.00000  -0.40989
79      0.12933  -0.00000   2.10552

Updated Energy: -48.15938
Optimization Step: 85
Updated Coordiantes:
5 atoms
79      0.08000  -2.40016   0.39988
79      1.53243   0.00000  -0.49539
79      0.08000   2.40016   0.39988
79     -1.42175  -0.00000  -0.40994
79      0.12933  -0.00000   2.10556

Updated Energy: -48.15938
Optimization finished in 86 steps


Final Energy:-48.15938
Final Gradient: 
 0.00009 -0.00356  0.00009  0.00347 -0.00009
 0.00167 -0.00000 -0.00167  0.00000 -0.00000
 0.00314 -0.00150  0.00314 -0.00170 -0.00307
Final Coordinates:
5 atoms
79      0.08000  -2.40016   0.39988
79      1.53243   0.00000  -0.49539
79      0.08000   2.40016   0.39988
79     -1.42175  -0.00000  -0.40994
79      0.12933  -0.00000   2.10556

Final atom-atom distances:
2.94474
2.95537
2.94474
2.95537
2.95518
