Input:
10 atoms
79      0.00000   0.00000   0.00000
79      0.10000   0.00000   0.00000
79      0.00000   0.10000   0.00000
79      0.20000   0.10000   0.00000
79      0.20000   0.20000   0.00000
79      0.00000   0.00000   0.10000
79      0.00000   0.00000   0.20000
79      0.00000   0.10000   0.30000
79      0.30000   0.30000   0.30000
79      0.50000   0.50000   0.00000

Initial Energy: 11718366752317136896.00000
Initial Gradient:
-276880350955622400000.00000  279036030338519040000.00000   -2203902594273280000.00000    2206002148904960000.00000      11016583526400000.00000   -2165111455139840000.00000      -3676021329920000.00000        -41523568640000.00000         30617896960000.00000          2861107200000.00000
-276876834743726080000.00000   -4333136888299520000.00000  281199033418926063616.00000 -274705396437411823616.00000  276884013027819520000.00000   -2167666287779840000.00000   -2166635423662080000.00000    2166591595970560000.00000         28832061440000.00000          2906101760000.00000
-276906879411036160000.00000   -2170148008366080000.00000   -2170279042693120000.00000      -1125914982400000.00000       -123840911360000.00000    4319993502504960000.00000  274758085429166080000.00000    2170425509068800000.00000         53803202560000.00000         -2025932800000.00000
Optimization Step: 0
Updated Coordiantes:
10 atoms
79     -0.01369  -0.01369  -0.01369
79      0.11379  -0.00021  -0.00011
79     -0.00011   0.11390  -0.00011
79      0.20011   0.08642  -0.00000
79      0.20000   0.21369  -0.00000
79     -0.00011  -0.00011   0.10021
79     -0.00000  -0.00011   0.21358
79     -0.00000   0.10011   0.30011
79      0.30000   0.30000   0.30000
79      0.50000   0.50000  -0.00000

Updated Energy: 1591963541353349120.00000
Optimization Step: 1
Updated Coordiantes:
10 atoms
79     -0.02477  -0.02470  -0.04393
79      0.11182  -0.00959   0.00006
79      0.00032   0.12164   0.00007
79      0.20994   0.08798   0.00001
79      0.20000   0.22197  -0.00000
79      0.00266   0.00269   0.09288
79      0.00003  -0.00385   0.24756
79     -0.00000   0.10385   0.30335
79      0.30000   0.30000   0.30000
79      0.50000   0.50000  -0.00000

Updated Energy: 477454936210201280.00000
Optimization Step: 2
Updated Coordiantes:
10 atoms
79     -0.02776  -0.02641  -0.04773
79      0.11322  -0.01266  -0.00082
79      0.00028   0.12379  -0.00048
79      0.21334   0.08484   0.00001
79      0.19956   0.22803  -0.00000
79      0.00135   0.00245   0.09716
79      0.00002  -0.02426   0.23797
79     -0.00001   0.12422   0.31390
79      0.30000   0.30000   0.30000
79      0.50000   0.50000  -0.00000

Updated Energy: 183604708293184640.00000
Optimization Step: 3
Updated Coordiantes:
10 atoms
79     -0.04609  -0.03634  -0.06762
79      0.11425  -0.03926  -0.00609
79      0.00007   0.13782  -0.00418
79      0.24175   0.08532   0.00022
79      0.19725   0.25279  -0.00000
79     -0.00700   0.00455   0.10021
79     -0.00022  -0.03234   0.26189
79     -0.00001   0.12747   0.31557
79      0.30000   0.30000   0.30000
79      0.50000   0.50000  -0.00000

Updated Energy: 31453556582342788.00000
Optimization Step: 4
Updated Coordiantes:
10 atoms
79     -0.06848  -0.04354  -0.08875
79      0.14507  -0.05650  -0.01737
79      0.00091   0.16168  -0.01698
79      0.25502   0.07678   0.00066
79      0.19318   0.26994  -0.00002
79     -0.02672   0.00323   0.11502
79      0.00099  -0.06283   0.28377
79      0.00003   0.15123   0.32368
79      0.30000   0.30000   0.30001
79      0.50000   0.50000  -0.00000

Updated Energy: 6578440288974517.00000
Optimization Step: 5
Updated Coordiantes:
10 atoms
79     -0.07033  -0.04488  -0.09170
79      0.12560  -0.08315  -0.02124
79      0.00017   0.16451  -0.01886
79      0.27809   0.09854   0.00420
79      0.19307   0.27500   0.00006
79     -0.03019   0.00755   0.10433
79      0.00355  -0.07070   0.29901
79      0.00003   0.15312   0.32418
79      0.30001   0.30001   0.30002
79      0.50000   0.50000  -0.00000

Updated Energy: 2834749527389507.50000
Optimization Step: 6
Updated Coordiantes:
10 atoms
79     -0.08741  -0.05058  -0.11451
79      0.14221  -0.09149  -0.02185
79     -0.00118   0.18445  -0.03344
79      0.29607   0.06766   0.00528
79      0.18300   0.31134  -0.00021
79     -0.03842   0.00047   0.12913
79      0.00566  -0.08131   0.31003
79     -0.00001   0.15942   0.32547
79      0.30007   0.30004   0.30009
79      0.50001   0.50001  -0.00000

Updated Energy: 1025009909072014.87500
Optimization Step: 7
Updated Coordiantes:
10 atoms
79     -0.09062  -0.05184  -0.11799
79      0.13814  -0.10131  -0.02374
79     -0.00849   0.18248  -0.03642
79      0.30477   0.07509   0.00673
79      0.19055   0.31783   0.00113
79     -0.04890   0.01409   0.09817
79      0.01423  -0.10129   0.34462
79      0.00013   0.16487   0.32732
79      0.30016   0.30007   0.30019
79      0.50003   0.50002  -0.00001

Updated Energy: 553375624779822.06250
Optimization Step: 8
Updated Coordiantes:
10 atoms
79     -0.10085  -0.05980  -0.14027
79      0.14225  -0.11206  -0.02569
79     -0.00848   0.20920  -0.05936
79      0.31219   0.07904   0.00787
79      0.19696   0.32548   0.00224
79     -0.05740  -0.00579   0.13994
79      0.01473  -0.10478   0.34623
79      0.00009   0.16851   0.32856
79      0.30042   0.30015   0.30048
79      0.50008   0.50006  -0.00001

Updated Energy: 236204602474213.96875
Optimization Step: 9
Updated Coordiantes:
10 atoms
79     -0.10914  -0.06163  -0.14800
79      0.14223  -0.12826  -0.02803
79     -0.03645   0.19764  -0.06919
79      0.32702   0.08366   0.01011
79      0.22174   0.34935   0.00962
79     -0.07698   0.00427   0.10289
79      0.02795  -0.12989   0.38352
79      0.00183   0.18418   0.33745
79      0.30142   0.30043   0.30168
79      0.50038   0.50024  -0.00004

Updated Energy: 104236747628930.29688
Optimization Step: 10
Updated Coordiantes:
10 atoms
79     -0.12493  -0.07919  -0.18634
79      0.15079  -0.14325  -0.02963
79     -0.03163   0.23087  -0.08704
79      0.33814   0.08224   0.01128
79      0.21771   0.35984   0.00672
79     -0.08652  -0.00809   0.15353
79      0.02866  -0.13299   0.38534
79      0.00080   0.18828   0.34064
79      0.30426   0.30073   0.30568
79      0.50272   0.50154  -0.00018

Updated Energy: 43768283720828.64062
Optimization Step: 11
Updated Coordiantes:
10 atoms
79     -0.13359  -0.08236  -0.19467
79      0.14620  -0.16798  -0.03315
79     -0.05246   0.22661  -0.09706
79      0.36322   0.08305   0.01400
79      0.22006   0.38704   0.00458
79     -0.12044  -0.02038   0.10345
79      0.04472  -0.15731   0.41772
79      0.00613   0.22286   0.36914
79      0.31412   0.30214   0.31662
79      0.51205   0.50634  -0.00064

Updated Energy: 18910229357969.44531
Optimization Step: 12
Updated Coordiantes:
10 atoms
79     -0.14949  -0.09988  -0.24682
79      0.15959  -0.18674  -0.03415
79     -0.05735   0.24624  -0.10916
79      0.37704   0.07961   0.01394
79      0.19789   0.39740  -0.00209
79     -0.13477  -0.02048   0.15865
79      0.04590  -0.16022   0.42017
79     -0.01328   0.22117   0.37425
79      0.33665   0.30564   0.32673
79      0.53783   0.51727  -0.00151

Updated Energy: 7871175330504.82227
Optimization Step: 13
Updated Coordiantes:
10 atoms
79     -0.15490  -0.10390  -0.25348
79      0.15500  -0.20490  -0.03659
79     -0.11027   0.22227  -0.13403
79      0.39483   0.08260   0.01340
79      0.23334   0.43709   0.01210
79     -0.15636  -0.02811   0.13893
79      0.05654  -0.17244   0.43570
79     -0.01745   0.23712   0.38847
79      0.34962   0.30821   0.33768
79      0.54964   0.52206  -0.00219

Updated Energy: 4801797101171.72754
Optimization Step: 14
Updated Coordiantes:
10 atoms
79     -0.16274  -0.12658  -0.26971
79      0.15749  -0.21580  -0.03696
79     -0.10727   0.25226  -0.13423
79      0.40390   0.08071   0.01074
79      0.17118   0.43291   0.00379
79     -0.16668  -0.03473   0.14514
79      0.05992  -0.17693   0.44065
79     -0.02506   0.24187   0.39383
79      0.36192   0.30786   0.35231
79      0.60735   0.53844  -0.00554

Updated Energy: 2062011590064.98047
Optimization Step: 15
Updated Coordiantes:
10 atoms
79     -0.17709  -0.13941  -0.29219
79      0.16233  -0.24601  -0.03809
79     -0.16167   0.24050  -0.16968
79      0.42782   0.08599   0.00374
79      0.21613   0.48181   0.02177
79     -0.19716  -0.04596   0.14287
79      0.07215  -0.19119   0.45747
79     -0.04207   0.25852   0.41000
79      0.38707   0.31478   0.37070
79      0.61249   0.54096  -0.00661

Updated Energy: 899104279141.56995
Optimization Step: 16
Updated Coordiantes:
10 atoms
79     -0.19369  -0.19671  -0.33695
79      0.17245  -0.27737  -0.03760
79     -0.16102   0.31564  -0.17305
79      0.45104   0.07941  -0.01191
79      0.14598   0.50015   0.00227
79     -0.22971  -0.06416   0.15683
79      0.08462  -0.20518   0.47427
79     -0.05803   0.27783   0.42620
79      0.41586   0.31530   0.41366
79      0.67250   0.55509  -0.01372

Updated Energy: 336130275626.55273
Optimization Step: 17
Updated Coordiantes:
10 atoms
79     -0.19887  -0.19777  -0.34457
79      0.17301  -0.29225  -0.03805
79     -0.21953   0.28427  -0.20871
79      0.46103   0.08415  -0.01608
79      0.20143   0.53915   0.03240
79     -0.24402  -0.06810   0.15174
79      0.09138  -0.21128   0.48321
79     -0.06417   0.28650   0.43388
79      0.42392   0.31761   0.42080
79      0.67582   0.55772  -0.01462

Updated Energy: 165625678075.05472
Optimization Step: 18
Updated Coordiantes:
10 atoms
79     -0.23061  -0.22957  -0.40772
79      0.18991  -0.37451  -0.03836
79     -0.22869   0.33662  -0.22845
79      0.50966   0.08665  -0.05046
79      0.12252   0.58081   0.00743
79     -0.32071  -0.09663   0.15039
79      0.12397  -0.24288   0.53116
79     -0.10622   0.33422   0.47338
79      0.48351   0.32083   0.49091
79      0.75666   0.58445  -0.02829

Updated Energy: 35777047604.50275
Optimization Step: 19
Updated Coordiantes:
10 atoms
79     -0.23681  -0.23633  -0.42631
79      0.19401  -0.39423  -0.04104
79     -0.29537   0.30371  -0.27872
79      0.51360   0.07793  -0.05936
79      0.18870   0.63649   0.04276
79     -0.33640  -0.10532   0.15823
79      0.12798  -0.24751   0.54380
79     -0.11646   0.34075   0.48849
79      0.49207   0.32329   0.50205
79      0.76867   0.60120  -0.02990

Updated Energy: 18419238050.59428
Optimization Step: 20
Updated Coordiantes:
10 atoms
79     -0.24988  -0.31344  -0.50213
79      0.19914  -0.47784  -0.05079
79     -0.30853   0.40451  -0.28876
79      0.53791   0.06771  -0.09221
79      0.14397   0.67551   0.02312
79     -0.39060  -0.13947   0.18391
79      0.14390  -0.26665   0.59173
79     -0.15110   0.37302   0.52795
79      0.52947   0.32647   0.54896
79      0.84573   0.65019  -0.04178

Updated Energy: 4700445874.78847
Optimization Step: 21
Updated Coordiantes:
10 atoms
79     -0.27822  -0.31317  -0.54919
79      0.21276  -0.55735  -0.04895
79     -0.39355   0.37142  -0.35559
79      0.55785   0.06357  -0.12448
79      0.21969   0.76198   0.04326
79     -0.44342  -0.16675   0.17192
79      0.16014  -0.29349   0.64082
79     -0.19166   0.40283   0.58430
79      0.56823   0.33939   0.58541
79      0.88818   0.69157  -0.04749

Updated Energy: 1539395209.72207
Optimization Step: 22
Updated Coordiantes:
10 atoms
79     -0.28681  -0.35312  -0.60950
79      0.22186  -0.63329  -0.05644
79     -0.40592   0.43177  -0.36587
79      0.56616   0.04279  -0.16173
79      0.11828   0.80916   0.03530
79     -0.48693  -0.19355   0.19128
79      0.16491  -0.32171   0.68791
79     -0.22277   0.43276   0.61543
79      0.60887   0.35064   0.63053
79      1.02235   0.73454  -0.06693

Updated Energy: 499355188.93072
Optimization Step: 23
Updated Coordiantes:
10 atoms
79     -0.31379  -0.37555  -0.69539
79      0.23184  -0.78442  -0.05539
79     -0.49454   0.43284  -0.44431
79      0.60556   0.09133  -0.21190
79      0.22270   0.93799   0.01753
79     -0.56734  -0.24358   0.19435
79      0.17303  -0.37915   0.77074
79     -0.29529   0.45997   0.72540
79      0.67763   0.39045   0.67403
79      1.06019   0.77010  -0.07508

Updated Energy: 124971303.88150
Optimization Step: 24
Updated Coordiantes:
10 atoms
79     -0.30883  -0.43304  -0.75745
79      0.25073  -0.82989  -0.06529
79     -0.51680   0.51005  -0.44896
79      0.55465  -0.01622  -0.26227
79      0.14822   0.98940   0.01723
79     -0.61071  -0.27283   0.20896
79      0.17979  -0.40857   0.81554
79     -0.31459   0.49400   0.75141
79      0.70460   0.39991   0.72819
79      1.21294   0.86720  -0.08736

Updated Energy: 47249735.13996
Optimization Step: 25
Updated Coordiantes:
10 atoms
79     -0.33291  -0.44872  -0.82821
79      0.24170  -1.01499  -0.04227
79     -0.57429   0.51908  -0.49435
79      0.61762   0.10921  -0.30680
79      0.19287   1.05839   0.02274
79     -0.67083  -0.30726   0.21019
79      0.18320  -0.45749   0.88304
79     -0.35324   0.53126   0.80091
79      0.75868   0.43213   0.75291
79      1.23720   0.87838  -0.09817

Updated Energy: 17200018.91555
Optimization Step: 26
Updated Coordiantes:
10 atoms
79     -0.32476  -0.54176  -0.95787
79      0.28191  -1.10665  -0.07725
79     -0.66478   0.63085  -0.55308
79      0.55231  -0.08499  -0.41257
79      0.14953   1.23976   0.01130
79     -0.78915  -0.39462   0.23246
79      0.19941  -0.54209   1.00318
79     -0.43425   0.60528   0.90328
79      0.85162   0.45436   0.88689
79      1.47816   1.03986  -0.13636

Updated Energy: 3673666.64900
Optimization Step: 27
Updated Coordiantes:
10 atoms
79     -0.45782  -0.60338  -1.11270
79      0.28544  -1.35152  -0.02588
79     -0.75061   0.62560  -0.61567
79      0.72687   0.14265  -0.40943
79      0.22162   1.33260   0.02509
79     -0.85961  -0.42812   0.23694
79      0.19413  -0.60044   1.08525
79     -0.47989   0.63463   0.96006
79      0.91632   0.49937   0.90677
79      1.50354   1.04862  -0.15042

Updated Energy: 1175914.66318
Optimization Step: 28
Updated Coordiantes:
10 atoms
79     -0.44716  -0.67389  -1.19927
79      0.31444  -1.43019  -0.08599
79     -0.82528   0.71767  -0.67899
79      0.57747  -0.14878  -0.55552
79      0.15794   1.52365   0.01292
79     -0.97670  -0.52992   0.23549
79      0.20918  -0.68598   1.22110
79     -0.56162   0.71275   1.06602
79      1.01024   0.52261   1.06477
79      1.84149   1.29208  -0.18055

Updated Energy: 329613.94355
Optimization Step: 29
Updated Coordiantes:
10 atoms
79     -0.71513  -0.84280  -1.46595
79      0.32820  -1.66252  -0.05254
79     -0.92180   0.74702  -0.74593
79      0.90719   0.14124  -0.45514
79      0.23790   1.62959   0.01556
79     -1.06913  -0.57490   0.26319
79      0.19787  -0.76361   1.31770
79     -0.62313   0.74257   1.13585
79      1.09655   0.58484   1.07946
79      1.86148   1.29858  -0.19220

Updated Energy: 90886.55544
Optimization Step: 30
Updated Coordiantes:
10 atoms
79     -0.71017  -0.89756  -1.54863
79      0.37620  -1.78676  -0.16263
79     -1.03432   0.81976  -0.87814
79      0.70633  -0.26827  -0.73066
79      0.21112   1.91621  -0.00537
79     -1.25807  -0.73427   0.23138
79      0.23464  -0.88955   1.54746
79     -0.75001   0.86760   1.30465
79      1.24690   0.64522   1.38822
79      2.27738   1.62762  -0.24628

Updated Energy: 18255.57783
Optimization Step: 31
Updated Coordiantes:
10 atoms
79     -0.88483  -1.06249  -1.82828
79      0.34270  -2.33623  -0.01589
79     -1.13322   0.92510  -0.94074
79      1.03478   0.27354  -0.80481
79      0.27975   2.02374  -0.00950
79     -1.38350  -0.79024   0.33079
79      0.21070  -0.99390   1.64820
79     -0.82393   0.90038   1.37646
79      1.35252   0.72827   1.40223
79      2.30503   1.63183  -0.25846

Updated Energy: 4051.47653
Optimization Step: 32
Updated Coordiantes:
10 atoms
79     -0.87024  -1.15093  -1.94007
79      0.37947  -2.44012  -0.10883
79     -1.38247   0.96167  -1.14041
79      0.84320  -0.25985  -1.06464
79      0.26308   2.52322   0.05733
79     -1.63591  -1.00132   0.24884
79      0.29272  -1.17296   1.89591
79     -0.99065   1.07238   1.60908
79      1.53041   0.76996   1.60034
79      2.87039   1.99793  -0.25757

Updated Energy: 429.29771
Optimization Step: 33
Updated Coordiantes:
10 atoms
79     -1.24194  -1.51260  -2.37502
79      0.42054  -2.60449  -0.15315
79     -1.45781   1.16379  -1.15252
79      1.32930   0.02270  -0.86579
79      0.29122   2.58557   0.02692
79     -1.76366  -1.05154   0.40045
79      0.24860  -1.26009   2.02653
79     -1.05743   1.08624   1.66282
79      1.63793   0.86584   1.60616
79      2.89325   2.00458  -0.27640

Updated Energy: -53.46153
Optimization Step: 34
Updated Coordiantes:
10 atoms
79     -1.22980  -1.50880  -2.37577
79      0.45941  -2.70632  -0.28743
79     -1.56442   1.09861  -1.26941
79      1.21922  -0.10699  -0.97799
79      0.38008   2.80433   0.00648
79     -1.92561  -1.16042   0.29992
79      0.28471  -1.34678   2.24941
79     -1.15453   1.17390   1.80680
79      1.70976   0.88283   1.84300
79      3.12118   2.16965  -0.39500

Updated Energy: -129.54628
Optimization Step: 35
Updated Coordiantes:
10 atoms
79     -1.20163  -1.52464  -2.41960
79      0.45561  -2.74806  -0.28663
79     -1.54936   1.14651  -1.27590
79      1.18940  -0.04925  -0.95690
79      0.37683   2.80257   0.00330
79     -1.93766  -1.19555   0.36770
79      0.22185  -1.43534   2.26146
79     -1.16902   1.17289   1.79888
79      1.77872   0.97631   1.80803
79      3.13525   2.15455  -0.40032

Updated Energy: -134.75547
Optimization Step: 36
Updated Coordiantes:
10 atoms
79     -1.14851  -1.51109  -2.40956
79      0.45110  -2.78481  -0.31706
79     -1.54960   1.12455  -1.26552
79      1.08699   0.02019  -0.88698
79      0.39515   2.83195  -0.00383
79     -1.95389  -1.22618   0.35433
79      0.23532  -1.39686   2.27939
79     -1.15081   1.15488   1.78198
79      1.73861   0.93745   1.82985
79      3.19564   2.14992  -0.46260

Updated Energy: -136.81154
Optimization Step: 37
Updated Coordiantes:
10 atoms
79     -1.11871  -1.50633  -2.42099
79      0.45442  -2.77512  -0.30487
79     -1.57627   1.14922  -1.25281
79      1.05121   0.01661  -0.83864
79      0.41766   2.83232  -0.00449
79     -1.94537  -1.24561   0.36458
79      0.20899  -1.44145   2.26086
79     -1.15960   1.15163   1.75435
79      1.78864   0.99393   1.80159
79      3.17903   2.12480  -0.45958

Updated Energy: -137.99284
Optimization Step: 38
Updated Coordiantes:
10 atoms
79     -1.08281  -1.47761  -2.41330
79      0.46794  -2.79784  -0.31271
79     -1.60700   1.15353  -1.23360
79      0.98705   0.01558  -0.78147
79      0.41081   2.85222  -0.01714
79     -1.95867  -1.25760   0.32835
79      0.24351  -1.39271   2.25851
79     -1.12648   1.13840   1.72213
79      1.76339   0.96329   1.84924
79      3.20226   2.10274  -0.50000

Updated Energy: -139.12448
Optimization Step: 39
Updated Coordiantes:
10 atoms
79     -1.05895  -1.46471  -2.42741
79      0.46895  -2.80525  -0.30142
79     -1.63699   1.17598  -1.23310
79      0.96113   0.01702  -0.73310
79      0.43557   2.85051  -0.02174
79     -1.94290  -1.27211   0.34266
79      0.22395  -1.42785   2.23252
79     -1.13685   1.13223   1.70171
79      1.81243   1.02168   1.83346
79      3.17366   2.07251  -0.49358

Updated Energy: -140.15690
Optimization Step: 40
Updated Coordiantes:
10 atoms
79     -1.02953  -1.43693  -2.41624
79      0.47541  -2.83302  -0.31994
79     -1.65686   1.18018  -1.22486
79      0.89797   0.00586  -0.67692
79      0.41692   2.86277  -0.03088
79     -1.94937  -1.28051   0.30229
79      0.26586  -1.37894   2.22841
79     -1.09967   1.12784   1.68100
79      1.78841   1.00932   1.88626
79      3.19086   2.04342  -0.52913

Updated Energy: -141.21416
Optimization Step: 41
Updated Coordiantes:
10 atoms
79     -1.01156  -1.42747  -2.44021
79      0.47440  -2.84400  -0.31059
79     -1.68584   1.19990  -1.23079
79      0.88125   0.00780  -0.61909
79      0.44304   2.86465  -0.03978
79     -1.93039  -1.28453   0.32303
79      0.25663  -1.40965   2.19460
79     -1.11643   1.11798   1.66794
79      1.83155   1.06312   1.87623
79      3.15735   2.01221  -0.52135

Updated Energy: -142.23116
Optimization Step: 42
Updated Coordiantes:
10 atoms
79     -0.98908  -1.40433  -2.42452
79      0.47426  -2.86685  -0.33365
79     -1.69125   1.19925  -1.22723
79      0.82136  -0.00933  -0.57247
79      0.42071   2.87057  -0.04323
79     -1.93319  -1.29218   0.28103
79      0.29984  -1.37213   2.18973
79     -1.08225   1.12675   1.65608
79      1.81166   1.06687   1.92379
79      3.16794   1.98138  -0.54952

Updated Energy: -143.16111
Optimization Step: 43
Updated Coordiantes:
10 atoms
79     -0.97551  -1.39830  -2.45281
79      0.47352  -2.88103  -0.32956
79     -1.71520   1.21630  -1.23451
79      0.81851  -0.00405  -0.52052
79      0.44298   2.87539  -0.05463
79     -1.91880  -1.28931   0.30555
79      0.29915  -1.38762   2.15984
79     -1.09930   1.11135   1.65170
79      1.83701   1.10477   1.91902
79      3.13764   1.95249  -0.54407

Updated Energy: -143.90835
Optimization Step: 44
Updated Coordiantes:
10 atoms
79     -0.95758  -1.37894  -2.43571
79      0.46918  -2.89154  -0.34628
79     -1.71288   1.21285  -1.23035
79      0.77537  -0.01995  -0.50077
79      0.42546   2.87621  -0.05480
79     -1.91700  -1.29697   0.27343
79      0.33059  -1.37422   2.15713
79     -1.08102   1.12789   1.64583
79      1.82857   1.12174   1.95291
79      3.13931   1.92293  -0.56139

Updated Energy: -144.43379
Optimization Step: 45
Updated Coordiantes:
10 atoms
79     -0.94764  -1.37374  -2.45772
79      0.46968  -2.90531  -0.34784
79     -1.72874   1.22447  -1.23524
79      0.78338  -0.00940  -0.46640
79      0.43812   2.87931  -0.06332
79     -1.91088  -1.29307   0.29129
79      0.33504  -1.37412   2.14235
79     -1.08934   1.11341   1.64795
79      1.83182   1.14057   1.95001
79      3.11856   1.89788  -0.56109

Updated Energy: -144.78368
Optimization Step: 46
Updated Coordiantes:
10 atoms
79     -0.93274  -1.35805  -2.44569
79      0.46518  -2.90516  -0.35655
79     -1.72581   1.22157  -1.23044
79      0.75789  -0.02321  -0.46659
79      0.42764   2.88081  -0.06390
79     -1.90475  -1.29743   0.27415
79      0.35264  -1.37589   2.14217
79     -1.08620   1.12498   1.64642
79      1.83042   1.16046   1.97225
79      3.11574   1.87192  -0.57183

Updated Energy: -145.02526
Optimization Step: 47
Updated Coordiantes:
10 atoms
79     -0.92639  -1.35346  -2.46029
79      0.46644  -2.91545  -0.35941
79     -1.73490   1.22863  -1.23211
79      0.76790  -0.00997  -0.44390
79      0.43292   2.87975  -0.06783
79     -1.90311  -1.29579   0.28312
79      0.35836  -1.37120   2.13698
79     -1.08742   1.11688   1.64884
79      1.82390   1.16936   1.96856
79      3.10229   1.85124  -0.57397

Updated Energy: -145.19677
Optimization Step: 48
Updated Coordiantes:
10 atoms
79     -0.91454  -1.34123  -2.45330
79      0.46396  -2.91128  -0.36406
79     -1.73374   1.22686  -1.22825
79      0.75160  -0.02338  -0.44878
79      0.42793   2.88356  -0.06937
79     -1.89626  -1.29745   0.27503
79      0.36800  -1.37403   2.13709
79     -1.09025   1.12109   1.65018
79      1.82368   1.18493   1.98315
79      3.09963   1.83093  -0.58170

Updated Energy: -145.32295
Optimization Step: 49
Updated Coordiantes:
10 atoms
79     -0.91047  -1.33743  -2.46313
79      0.46560  -2.91854  -0.36634
79     -1.73874   1.23132  -1.22784
79      0.75907  -0.01059  -0.43337
79      0.42990   2.87991  -0.07070
79     -1.89627  -1.29769   0.27887
79      0.37304  -1.37054   2.13576
79     -1.08939   1.11829   1.65127
79      1.81660   1.19051   1.97948
79      3.09065   1.81476  -0.58400

Updated Energy: -145.41656
Optimization Step: 50
Updated Coordiantes:
10 atoms
79     -0.90144  -1.32810  -2.45914
79      0.46484  -2.91399  -0.36927
79     -1.73919   1.23047  -1.22508
79      0.74732  -0.02243  -0.43702
79      0.42774   2.88400  -0.07239
79     -1.89042  -1.29834   0.27464
79      0.37884  -1.37176   2.13566
79     -1.09324   1.11905   1.65346
79      1.81618   1.20160   1.98907
79      3.08937   1.79950  -0.58993

Updated Energy: -145.48672
Optimization Step: 51
Updated Coordiantes:
10 atoms
79     -0.89863  -1.32502  -2.46606
79      0.46663  -2.91912  -0.37098
79     -1.74234   1.23347  -1.22395
79      0.75241  -0.01158  -0.42661
79      0.42874   2.87998  -0.07291
79     -1.89090  -1.29926   0.27634
79      0.38264  -1.36971   2.13595
79     -1.09248   1.11837   1.65396
79      1.81075   1.20575   1.98608
79      3.08317   1.78712  -0.59183

Updated Energy: -145.53942
Optimization Step: 52
Updated Coordiantes:
10 atoms
79     -0.89187  -1.31792  -2.46365
79      0.46684  -2.91507  -0.37301
79     -1.74353   1.23312  -1.22181
79      0.74337  -0.02112  -0.42879
79      0.42772   2.88322  -0.07437
79     -1.88628  -1.29973   0.27371
79      0.38635  -1.37002   2.13585
79     -1.09582   1.11819   1.65593
79      1.81020   1.21364   1.99251
79      3.08301   1.77569  -0.59637

Updated Energy: -145.57929
Optimization Step: 53
Updated Coordiantes:
10 atoms
79     -0.88987  -1.31546  -2.46871
79      0.46862  -2.91867  -0.37431
79     -1.74591   1.23521  -1.22061
79      0.74700  -0.01240  -0.42157
79      0.42850   2.87975  -0.07478
79     -1.88685  -1.30074   0.27459
79      0.38902  -1.36876   2.13672
79     -1.09545   1.11810   1.65628
79      1.80629   1.21673   1.99020
79      3.07864   1.76623  -0.59780

Updated Energy: -145.60949
Optimization Step: 54
Updated Coordiantes:
10 atoms
79     -0.88484  -1.31001  -2.46712
79      0.46933  -2.91523  -0.37579
79     -1.74731   1.23505  -1.21886
79      0.73989  -0.01980  -0.42289
79      0.42797   2.88210  -0.07603
79     -1.88329  -1.30120   0.27275
79      0.39144  -1.36870   2.13672
79     -1.09807   1.11778   1.65782
79      1.80578   1.22239   1.99464
79      3.07910   1.75761  -0.60123

Updated Energy: -145.63254
Optimization Step: 55
Updated Coordiantes:
10 atoms
79     -0.88342  -1.30806  -2.47090
79      0.47101  -2.91774  -0.37680
79     -1.74927   1.23656  -1.21778
79      0.74259  -0.01292  -0.41772
79      0.42864   2.87930  -0.07646
79     -1.88383  -1.30215   0.27328
79      0.39326  -1.36785   2.13768
79     -1.09794   1.11783   1.65811
79      1.80297   1.22467   1.99285
79      3.07599   1.75036  -0.60226

Updated Energy: -145.65017
Optimization Step: 56
Updated Coordiantes:
10 atoms
79     -0.87968  -1.30384  -2.46979
79      0.47194  -2.91486  -0.37791
79     -1.75065   1.23645  -1.21630
79      0.73696  -0.01859  -0.41859
79      0.42836   2.88099  -0.07757
79     -1.88111  -1.30260   0.27194
79      0.39485  -1.36765   2.13776
79     -1.09995   1.11756   1.65926
79      1.80254   1.22876   1.99602
79      3.07673   1.74379  -0.60480

Updated Energy: -145.66376
Optimization Step: 57
Updated Coordiantes:
10 atoms
79     -0.87867  -1.30231  -2.47266
79      0.47345  -2.91662  -0.37870
79     -1.75231   1.23755  -1.21537
79      0.73903  -0.01317  -0.41479
79      0.42895   2.87878  -0.07803
79     -1.88158  -1.30344   0.27230
79      0.39609  -1.36705   2.13865
79     -1.09994   1.11766   1.65949
79      1.80049   1.23042   1.99463
79      3.07449   1.73817  -0.60552

Updated Energy: -145.67426
Optimization Step: 58
Updated Coordiantes:
10 atoms
79     -0.87587  -1.29902  -2.47182
79      0.47445  -2.91421  -0.37956
79     -1.75360   1.23746  -1.21413
79      0.73457  -0.01753  -0.41541
79      0.42880   2.88001  -0.07903
79     -1.87948  -1.30387   0.27130
79      0.39714  -1.36682   2.13876
79     -1.10148   1.11746   1.66034
79      1.80016   1.23341   1.99694
79      3.07532   1.73312  -0.60738

Updated Energy: -145.68244
Optimization Step: 59
Updated Coordiantes:
10 atoms
79     -0.87517  -1.29781  -2.47402
79      0.47579  -2.91545  -0.38019
79     -1.75501   1.23827  -1.21334
79      0.73617  -0.01323  -0.41256
79      0.42930   2.87826  -0.07949
79     -1.87988  -1.30459   0.27157
79      0.39798  -1.36637   2.13953
79     -1.10151   1.11757   1.66052
79      1.79862   1.23462   1.99585
79      3.07370   1.72874  -0.60786

Updated Energy: -145.68883
Optimization Step: 60
Updated Coordiantes:
10 atoms
79     -0.87308  -1.29523  -2.47338
79      0.47677  -2.91345  -0.38088
79     -1.75617   1.23817  -1.21230
79      0.73262  -0.01662  -0.41304
79      0.42923   2.87917  -0.08038
79     -1.87825  -1.30498   0.27082
79      0.39867  -1.36615   2.13964
79     -1.10269   1.11744   1.66115
79      1.79837   1.23683   1.99758
79      3.07453   1.72480  -0.60921

Updated Energy: -145.69386
Optimization Step: 61
Updated Coordiantes:
10 atoms
79     -0.87260  -1.29428  -2.47508
79      0.47794  -2.91433  -0.38139
79     -1.75736   1.23878  -1.21164
79      0.73388  -0.01319  -0.41087
79      0.42966   2.87777  -0.08083
79     -1.87858  -1.30559   0.27104
79      0.39925  -1.36580   2.14027
79     -1.10274   1.11756   1.66128
79      1.79720   1.23773   1.99672
79      3.07335   1.72136  -0.60951

Updated Energy: -145.69782
Optimization Step: 62
Updated Coordiantes:
10 atoms
79     -0.87104  -1.29225  -2.47457
79      0.47885  -2.91266  -0.38195
79     -1.75838   1.23869  -1.21078
79      0.73104  -0.01584  -0.41125
79      0.42964   2.87847  -0.08161
79     -1.87730  -1.30593   0.27047
79      0.39970  -1.36560   2.14037
79     -1.10365   1.11748   1.66175
79      1.79700   1.23938   1.99805
79      3.07414   1.71827  -0.61048

Updated Energy: -145.70096
Optimization Step: 63
Updated Coordiantes:
10 atoms
79     -0.87071  -1.29151  -2.47589
79      0.47986  -2.91330  -0.38236
79     -1.75939   1.23915  -1.21023
79      0.73204  -0.01308  -0.40959
79      0.43000   2.87734  -0.08203
79     -1.87757  -1.30645   0.27065
79      0.40011  -1.36533   2.14089
79     -1.10370   1.11759   1.66184
79      1.79609   1.24004   1.99736
79      3.07327   1.71555  -0.61065

Updated Energy: -145.70347
Optimization Step: 64
Updated Coordiantes:
10 atoms
79     -0.86955  -1.28990  -2.47548
79      0.48068  -2.91190  -0.38283
79     -1.76027   1.23905  -1.20951
79      0.72976  -0.01517  -0.40991
79      0.43001   2.87788  -0.08272
79     -1.87655  -1.30675   0.27022
79      0.40042  -1.36516   2.14097
79     -1.10441   1.11755   1.66220
79      1.79593   1.24130   1.99839
79      3.07398   1.71310  -0.61134

Updated Energy: -145.70547
Optimization Step: 65
Updated Coordiantes:
10 atoms
79     -0.86934  -1.28931  -2.47652
79      0.48154  -2.91237  -0.38317
79     -1.76112   1.23940  -1.20905
79      0.73056  -0.01294  -0.40862
79      0.43031   2.87697  -0.08310
79     -1.87677  -1.30719   0.27038
79      0.40071  -1.36494   2.14139
79     -1.10445   1.11765   1.66226
79      1.79522   1.24180   1.99785
79      3.07334   1.71093  -0.61142

Updated Energy: -145.70707
Optimization Step: 66
Updated Coordiantes:
10 atoms
79     -0.86847  -1.28804  -2.47617
79      0.48227  -2.91121  -0.38356
79     -1.76188   1.23932  -1.20845
79      0.72872  -0.01461  -0.40890
79      0.43035   2.87739  -0.08370
79     -1.87596  -1.30744   0.27006
79      0.40092  -1.36479   2.14144
79     -1.10502   1.11763   1.66252
79      1.79509   1.24277   1.99866
79      3.07399   1.70898  -0.61190

Updated Energy: -145.70836
Optimization Step: 67
Updated Coordiantes:
10 atoms
79     -0.86836  -1.28758  -2.47699
79      0.48300  -2.91156  -0.38385
79     -1.76259   1.23959  -1.20807
79      0.72937  -0.01279  -0.40789
79      0.43060   2.87665  -0.08404
79     -1.87614  -1.30781   0.27019
79      0.40114  -1.36462   2.14178
79     -1.10505   1.11773   1.66256
79      1.79451   1.24315   1.99822
79      3.07351   1.70724  -0.61191

Updated Energy: -145.70941
Optimization Step: 68
Updated Coordiantes:
10 atoms
79     -0.86771  -1.28657  -2.47671
79      0.48364  -2.91059  -0.38417
79     -1.76324   1.23951  -1.20758
79      0.72788  -0.01412  -0.40813
79      0.43064   2.87699  -0.08456
79     -1.87548  -1.30803   0.26995
79      0.40129  -1.36449   2.14182
79     -1.10550   1.11773   1.66276
79      1.79440   1.24390   1.99887
79      3.07408   1.70567  -0.61224

Updated Energy: -145.71025
Optimization Step: 69
Updated Coordiantes:
10 atoms
79     -0.86765  -1.28621  -2.47736
79      0.48426  -2.91085  -0.38442
79     -1.76383   1.23972  -1.20727
79      0.72840  -0.01263  -0.40734
79      0.43085   2.87639  -0.08486
79     -1.87563  -1.30833   0.27007
79      0.40146  -1.36435   2.14208
79     -1.10553   1.11782   1.66278
79      1.79394   1.24419   1.99852
79      3.07373   1.70427  -0.61221

Updated Energy: -145.71094
Optimization Step: 70
Updated Coordiantes:
10 atoms
79     -0.86718  -1.28541  -2.47712
79      0.48481  -2.91004  -0.38470
79     -1.76438   1.23965  -1.20686
79      0.72719  -0.01371  -0.40756
79      0.43090   2.87665  -0.08531
79     -1.87509  -1.30852   0.26989
79      0.40157  -1.36424   2.14210
79     -1.10589   1.11783   1.66293
79      1.79384   1.24479   1.99904
79      3.07423   1.70301  -0.61243

Updated Energy: -145.71150
Optimization Step: 71
Updated Coordiantes:
10 atoms
79     -0.86716  -1.28512  -2.47764
79      0.48533  -2.91025  -0.38491
79     -1.76488   1.23981  -1.20660
79      0.72762  -0.01249  -0.40693
79      0.43108   2.87616  -0.08557
79     -1.87521  -1.30878   0.26999
79      0.40170  -1.36412   2.14231
79     -1.10591   1.11790   1.66294
79      1.79346   1.24501   1.99876
79      3.07397   1.70187  -0.61236

Updated Energy: -145.71195
Optimization Step: 72
Updated Coordiantes:
10 atoms
79     -0.86681  -1.28448  -2.47743
79      0.48580  -2.90957  -0.38514
79     -1.76535   1.23974  -1.20627
79      0.72664  -0.01337  -0.40712
79      0.43112   2.87638  -0.08596
79     -1.87477  -1.30893   0.26986
79      0.40179  -1.36403   2.14232
79     -1.10620   1.11792   1.66306
79      1.79338   1.24549   1.99919
79      3.07441   1.70085  -0.61250

Updated Energy: -145.71233
Optimization Step: 73
Updated Coordiantes:
10 atoms
79     -0.86683  -1.28426  -2.47785
79      0.48624  -2.90973  -0.38532
79     -1.76576   1.23987  -1.20605
79      0.72699  -0.01236  -0.40662
79      0.43127   2.87597  -0.08619
79     -1.87487  -1.30915   0.26995
79      0.40190  -1.36393   2.14249
79     -1.10622   1.11799   1.66306
79      1.79307   1.24567   1.99896
79      3.07422   1.69992  -0.61242

Updated Energy: -145.71263
Optimization Step: 74
Updated Coordiantes:
10 atoms
79     -0.86658  -1.28374  -2.47768
79      0.48664  -2.90916  -0.38552
79     -1.76616   1.23981  -1.20578
79      0.72618  -0.01307  -0.40679
79      0.43132   2.87615  -0.08652
79     -1.87451  -1.30928   0.26985
79      0.40197  -1.36385   2.14248
79     -1.10646   1.11801   1.66314
79      1.79299   1.24605   1.99931
79      3.07460   1.69909  -0.61249

Updated Energy: -145.71289
Optimization Step: 75
Updated Coordiantes:
10 atoms
79     -0.86661  -1.28357  -2.47802
79      0.48701  -2.90929  -0.38568
79     -1.76650   1.23992  -1.20560
79      0.72647  -0.01224  -0.40640
79      0.43145   2.87581  -0.08672
79     -1.87459  -1.30946   0.26994
79      0.40206  -1.36377   2.14261
79     -1.10647   1.11807   1.66314
79      1.79273   1.24620   1.99913
79      3.07446   1.69833  -0.61240

Updated Energy: -145.71309
Optimization Step: 76
Updated Coordiantes:
10 atoms
79     -0.86643  -1.28315  -2.47786
79      0.48735  -2.90882  -0.38585
79     -1.76684   1.23987  -1.20537
79      0.72581  -0.01282  -0.40655
79      0.43148   2.87596  -0.08701
79     -1.87429  -1.30957   0.26986
79      0.40213  -1.36371   2.14260
79     -1.10666   1.11809   1.66320
79      1.79266   1.24651   1.99942
79      3.07479   1.69765  -0.61243

Updated Energy: -145.71327
Optimization Step: 77
Updated Coordiantes:
10 atoms
79     -0.86648  -1.28302  -2.47814
79      0.48766  -2.90891  -0.38599
79     -1.76713   1.23995  -1.20522
79      0.72605  -0.01213  -0.40623
79      0.43160   2.87568  -0.08718
79     -1.87436  -1.30972   0.26994
79      0.40220  -1.36364   2.14270
79     -1.10667   1.11814   1.66319
79      1.79245   1.24663   1.99927
79      3.07469   1.69703  -0.61234

Updated Energy: -145.71341
Optimization Step: 78
Updated Coordiantes:
10 atoms
79     -0.86635  -1.28268  -2.47801
79      0.48795  -2.90852  -0.38614
79     -1.76741   1.23990  -1.20504
79      0.72550  -0.01261  -0.40636
79      0.43163   2.87580  -0.08743
79     -1.87411  -1.30982   0.26988
79      0.40226  -1.36358   2.14268
79     -1.10683   1.11816   1.66324
79      1.79239   1.24689   1.99951
79      3.07498   1.69648  -0.61234

Updated Energy: -145.71353
Optimization Step: 79
Updated Coordiantes:
10 atoms
79     -0.86640  -1.28258  -2.47824
79      0.48821  -2.90860  -0.38625
79     -1.76765   1.23997  -1.20492
79      0.72570  -0.01203  -0.40611
79      0.43173   2.87556  -0.08757
79     -1.87417  -1.30994   0.26995
79      0.40233  -1.36353   2.14276
79     -1.10684   1.11820   1.66323
79      1.79220   1.24698   1.99939
79      3.07490   1.69596  -0.61225

Updated Energy: -145.71363
Optimization Step: 80
Updated Coordiantes:
10 atoms
79     -0.86632  -1.28231  -2.47812
79      0.48845  -2.90827  -0.38638
79     -1.76789   1.23993  -1.20476
79      0.72525  -0.01244  -0.40623
79      0.43176   2.87566  -0.08779
79     -1.87396  -1.31002   0.26991
79      0.40238  -1.36348   2.14274
79     -1.10697   1.11822   1.66326
79      1.79215   1.24719   1.99959
79      3.07516   1.69551  -0.61223

Updated Energy: -145.71371
Optimization Step: 81
Updated Coordiantes:
10 atoms
79     -0.86638  -1.28223  -2.47831
79      0.48867  -2.90833  -0.38648
79     -1.76809   1.23998  -1.20466
79      0.72542  -0.01195  -0.40602
79      0.43184   2.87547  -0.08791
79     -1.87401  -1.31013   0.26997
79      0.40244  -1.36343   2.14280
79     -1.10697   1.11826   1.66325
79      1.79199   1.24728   1.99949
79      3.07510   1.69508  -0.61213

Updated Energy: -145.71378
Optimization Step: 82
Updated Coordiantes:
10 atoms
79     -0.86632  -1.28201  -2.47821
79      0.48887  -2.90806  -0.38660
79     -1.76829   1.23994  -1.20453
79      0.72505  -0.01228  -0.40613
79      0.43187   2.87555  -0.08810
79     -1.87384  -1.31020   0.26994
79      0.40248  -1.36339   2.14278
79     -1.10708   1.11828   1.66328
79      1.79194   1.24745   1.99967
79      3.07532   1.69471  -0.61210

Updated Energy: -145.71383
Optimization Step: 83
Updated Coordiantes:
10 atoms
79     -0.86638  -1.28195  -2.47836
79      0.48905  -2.90811  -0.38668
79     -1.76846   1.23998  -1.20445
79      0.72519  -0.01188  -0.40596
79      0.43194   2.87539  -0.08821
79     -1.87387  -1.31028   0.27000
79      0.40254  -1.36335   2.14282
79     -1.10709   1.11831   1.66326
79      1.79181   1.24752   1.99958
79      3.07528   1.69436  -0.61201

Updated Energy: -145.71388
Optimization Step: 84
Updated Coordiantes:
10 atoms
79     -0.86634  -1.28177  -2.47827
79      0.48922  -2.90788  -0.38678
79     -1.76863   1.23995  -1.20434
79      0.72488  -0.01216  -0.40606
79      0.43196   2.87546  -0.08836
79     -1.87373  -1.31034   0.26998
79      0.40258  -1.36331   2.14280
79     -1.10718   1.11833   1.66328
79      1.79177   1.24767   1.99973
79      3.07547   1.69405  -0.61197

Updated Energy: -145.71392
Optimization Step: 85
Updated Coordiantes:
10 atoms
79     -0.86640  -1.28172  -2.47840
79      0.48937  -2.90792  -0.38685
79     -1.76877   1.23999  -1.20428
79      0.72500  -0.01181  -0.40592
79      0.43202   2.87532  -0.08846
79     -1.87376  -1.31042   0.27003
79      0.40263  -1.36328   2.14284
79     -1.10718   1.11836   1.66327
79      1.79165   1.24773   1.99966
79      3.07544   1.69376  -0.61189

Updated Energy: -145.71395
Optimization Step: 86
Updated Coordiantes:
10 atoms
79     -0.86638  -1.28158  -2.47833
79      0.48951  -2.90772  -0.38694
79     -1.76892   1.23996  -1.20419
79      0.72474  -0.01205  -0.40601
79      0.43204   2.87538  -0.08859
79     -1.87364  -1.31046   0.27001
79      0.40267  -1.36325   2.14281
79     -1.10725   1.11837   1.66328
79      1.79161   1.24785   1.99979
79      3.07561   1.69350  -0.61184

Updated Energy: -145.71398
Optimization Step: 87
Updated Coordiantes:
10 atoms
79     -0.86643  -1.28154  -2.47843
79      0.48964  -2.90776  -0.38700
79     -1.76904   1.23999  -1.20413
79      0.72484  -0.01176  -0.40590
79      0.43209   2.87526  -0.08868
79     -1.87366  -1.31053   0.27006
79      0.40271  -1.36322   2.14284
79     -1.10725   1.11840   1.66327
79      1.79152   1.24790   1.99973
79      3.07558   1.69326  -0.61176

Updated Energy: -145.71401
Optimization Step: 88
Updated Coordiantes:
10 atoms
79     -0.86642  -1.28142  -2.47837
79      0.48976  -2.90760  -0.38708
79     -1.76916   1.23996  -1.20406
79      0.72463  -0.01196  -0.40597
79      0.43211   2.87531  -0.08879
79     -1.87356  -1.31057   0.27005
79      0.40275  -1.36320   2.14281
79     -1.10732   1.11841   1.66328
79      1.79148   1.24800   1.99984
79      3.07573   1.69305  -0.61171

Updated Energy: -145.71403
Optimization Step: 89
Updated Coordiantes:
10 atoms
79     -0.86648  -1.28139  -2.47845
79      0.48987  -2.90763  -0.38713
79     -1.76926   1.23999  -1.20401
79      0.72472  -0.01171  -0.40588
79      0.43215   2.87522  -0.08886
79     -1.87359  -1.31062   0.27009
79      0.40278  -1.36317   2.14283
79     -1.10732   1.11843   1.66327
79      1.79140   1.24805   1.99979
79      3.07571   1.69285  -0.61164

Updated Energy: -145.71404
Optimization Step: 90
Updated Coordiantes:
10 atoms
79     -0.86648  -1.28130  -2.47840
79      0.48997  -2.90749  -0.38720
79     -1.76936   1.23996  -1.20395
79      0.72453  -0.01188  -0.40595
79      0.43217   2.87526  -0.08896
79     -1.87350  -1.31065   0.27008
79      0.40282  -1.36315   2.14281
79     -1.10737   1.11844   1.66327
79      1.79137   1.24813   1.99988
79      3.07584   1.69267  -0.61159

Updated Energy: -145.71406
Optimization Step: 91
Updated Coordiantes:
10 atoms
79     -0.86652  -1.28127  -2.47847
79      0.49006  -2.90752  -0.38725
79     -1.76945   1.23998  -1.20391
79      0.72461  -0.01167  -0.40587
79      0.43221   2.87518  -0.08902
79     -1.87352  -1.31070   0.27012
79      0.40285  -1.36313   2.14283
79     -1.10737   1.11846   1.66326
79      1.79130   1.24817   1.99984
79      3.07583   1.69250  -0.61153

Updated Energy: -145.71407
Optimization Step: 92
Updated Coordiantes:
10 atoms
79     -0.86653  -1.28120  -2.47842
79      0.49014  -2.90740  -0.38730
79     -1.76953   1.23996  -1.20386
79      0.72446  -0.01181  -0.40593
79      0.43222   2.87521  -0.08911
79     -1.87344  -1.31073   0.27012
79      0.40288  -1.36311   2.14280
79     -1.10741   1.11847   1.66327
79      1.79127   1.24825   1.99992
79      3.07594   1.69235  -0.61148

Updated Energy: -145.71408
Optimization Step: 93
Updated Coordiantes:
10 atoms
79     -0.86657  -1.28118  -2.47848
79      0.49022  -2.90742  -0.38735
79     -1.76960   1.23998  -1.20383
79      0.72452  -0.01163  -0.40587
79      0.43225   2.87514  -0.08916
79     -1.87346  -1.31077   0.27015
79      0.40291  -1.36309   2.14282
79     -1.10741   1.11849   1.66326
79      1.79121   1.24828   1.99989
79      3.07594   1.69221  -0.61142

Updated Energy: -145.71409
Optimization Step: 94
Updated Coordiantes:
10 atoms
79     -0.86658  -1.28112  -2.47844
79      0.49029  -2.90732  -0.38740
79     -1.76968   1.23996  -1.20379
79      0.72439  -0.01176  -0.40592
79      0.43227   2.87517  -0.08924
79     -1.87340  -1.31079   0.27015
79      0.40294  -1.36308   2.14279
79     -1.10745   1.11849   1.66326
79      1.79118   1.24834   1.99996
79      3.07603   1.69209  -0.61138

Updated Energy: -145.71410
Optimization Step: 95
Updated Coordiantes:
10 atoms
79     -0.86662  -1.28110  -2.47849
79      0.49035  -2.90734  -0.38743
79     -1.76974   1.23997  -1.20376
79      0.72445  -0.01160  -0.40587
79      0.43229   2.87511  -0.08928
79     -1.87341  -1.31082   0.27017
79      0.40297  -1.36306   2.14280
79     -1.10745   1.11851   1.66325
79      1.79113   1.24837   1.99993
79      3.07603   1.69197  -0.61132

Updated Energy: -145.71410
Optimization Step: 96
Updated Coordiantes:
10 atoms
79     -0.86663  -1.28105  -2.47845
79      0.49041  -2.90726  -0.38747
79     -1.76980   1.23996  -1.20372
79      0.72434  -0.01171  -0.40592
79      0.43231   2.87514  -0.08935
79     -1.87336  -1.31084   0.27017
79      0.40299  -1.36305   2.14278
79     -1.10748   1.11851   1.66325
79      1.79111   1.24842   1.99999
79      3.07611   1.69187  -0.61128

Updated Energy: -145.71411
Optimization Step: 97
Updated Coordiantes:
10 atoms
79     -0.86667  -1.28104  -2.47849
79      0.49046  -2.90727  -0.38751
79     -1.76985   1.23997  -1.20370
79      0.72439  -0.01158  -0.40588
79      0.43233   2.87509  -0.08939
79     -1.87337  -1.31087   0.27020
79      0.40302  -1.36304   2.14279
79     -1.10748   1.11853   1.66324
79      1.79106   1.24845   1.99997
79      3.07611   1.69177  -0.61123

Updated Energy: -145.71412
Optimization Step: 98
Updated Coordiantes:
10 atoms
79     -0.86668  -1.28100  -2.47846
79      0.49051  -2.90720  -0.38754
79     -1.76990   1.23996  -1.20367
79      0.72430  -0.01167  -0.40592
79      0.43234   2.87511  -0.08944
79     -1.87333  -1.31089   0.27020
79      0.40304  -1.36303   2.14277
79     -1.10750   1.11853   1.66324
79      1.79104   1.24849   2.00002
79      3.07618   1.69168  -0.61119

Updated Energy: -145.71412
Optimization Step: 99
Updated Coordiantes:
10 atoms
79     -0.86672  -1.28099  -2.47850
79      0.49056  -2.90722  -0.38757
79     -1.76995   1.23997  -1.20365
79      0.72434  -0.01156  -0.40588
79      0.43236   2.87506  -0.08948
79     -1.87334  -1.31091   0.27022
79      0.40306  -1.36301   2.14278
79     -1.10750   1.11854   1.66323
79      1.79100   1.24851   2.00000
79      3.07618   1.69160  -0.61115

Updated Energy: -145.71412
Optimization Step: 100
Updated Coordiantes:
10 atoms
79     -0.86673  -1.28095  -2.47847
79      0.49060  -2.90716  -0.38760
79     -1.76999   1.23995  -1.20363
79      0.72426  -0.01163  -0.40592
79      0.43237   2.87508  -0.08953
79     -1.87330  -1.31093   0.27022
79      0.40308  -1.36300   2.14276
79     -1.10752   1.11855   1.66323
79      1.79099   1.24856   2.00004
79      3.07625   1.69153  -0.61111

Updated Energy: -145.71413
Optimization Step: 101
Updated Coordiantes:
10 atoms
79     -0.86676  -1.28095  -2.47850
79      0.49064  -2.90717  -0.38763
79     -1.77003   1.23996  -1.20361
79      0.72430  -0.01154  -0.40589
79      0.43238   2.87504  -0.08956
79     -1.87331  -1.31095   0.27024
79      0.40310  -1.36300   2.14276
79     -1.10752   1.11856   1.66322
79      1.79095   1.24857   2.00002
79      3.07624   1.69146  -0.61107

Updated Energy: -145.71413
Optimization Step: 102
Updated Coordiantes:
10 atoms
79     -0.86677  -1.28092  -2.47847
79      0.49067  -2.90712  -0.38766
79     -1.77007   1.23995  -1.20359
79      0.72423  -0.01160  -0.40592
79      0.43239   2.87506  -0.08960
79     -1.87327  -1.31096   0.27024
79      0.40312  -1.36299   2.14275
79     -1.10754   1.11856   1.66322
79      1.79094   1.24861   2.00006
79      3.07630   1.69140  -0.61104

Updated Energy: -145.71413
Optimization Step: 103
Updated Coordiantes:
10 atoms
79     -0.86680  -1.28091  -2.47850
79      0.49070  -2.90713  -0.38768
79     -1.77010   1.23996  -1.20358
79      0.72426  -0.01152  -0.40590
79      0.43241   2.87503  -0.08962
79     -1.87328  -1.31097   0.27026
79      0.40314  -1.36298   2.14275
79     -1.10754   1.11857   1.66322
79      1.79091   1.24862   2.00005
79      3.07630   1.69134  -0.61100

Updated Energy: -145.71413
Optimization Step: 104
Updated Coordiantes:
10 atoms
79     -0.86681  -1.28089  -2.47848
79      0.49073  -2.90708  -0.38770
79     -1.77013   1.23995  -1.20356
79      0.72421  -0.01158  -0.40593
79      0.43241   2.87504  -0.08966
79     -1.87325  -1.31099   0.27026
79      0.40316  -1.36297   2.14274
79     -1.10756   1.11857   1.66322
79      1.79090   1.24865   2.00008
79      3.07635   1.69129  -0.61097

Updated Energy: -145.71413
Optimization Step: 105
Updated Coordiantes:
10 atoms
79     -0.86684  -1.28089  -2.47850
79      0.49076  -2.90709  -0.38772
79     -1.77016   1.23995  -1.20355
79      0.72424  -0.01151  -0.40590
79      0.43243   2.87501  -0.08968
79     -1.87326  -1.31100   0.27028
79      0.40317  -1.36296   2.14274
79     -1.10756   1.11858   1.66321
79      1.79087   1.24866   2.00007
79      3.07635   1.69124  -0.61094

Updated Energy: -145.71414
Optimization Step: 106
Updated Coordiantes:
10 atoms
79     -0.86685  -1.28087  -2.47848
79      0.49078  -2.90706  -0.38774
79     -1.77019   1.23994  -1.20353
79      0.72419  -0.01155  -0.40593
79      0.43243   2.87503  -0.08971
79     -1.87324  -1.31101   0.27028
79      0.40319  -1.36296   2.14273
79     -1.10757   1.11858   1.66321
79      1.79086   1.24869   2.00010
79      3.07639   1.69120  -0.61091

Updated Energy: -145.71414
Optimization Step: 107
Updated Coordiantes:
10 atoms
79     -0.86687  -1.28086  -2.47850
79      0.49081  -2.90707  -0.38776
79     -1.77021   1.23995  -1.20352
79      0.72421  -0.01149  -0.40591
79      0.43244   2.87500  -0.08973
79     -1.87324  -1.31102   0.27029
79      0.40320  -1.36295   2.14273
79     -1.10757   1.11859   1.66320
79      1.79084   1.24870   2.00009
79      3.07639   1.69115  -0.61089

Updated Energy: -145.71414
Optimization Step: 108
Updated Coordiantes:
10 atoms
79     -0.86688  -1.28085  -2.47848
79      0.49083  -2.90703  -0.38778
79     -1.77023   1.23994  -1.20351
79      0.72417  -0.01154  -0.40593
79      0.43245   2.87501  -0.08976
79     -1.87322  -1.31103   0.27029
79      0.40321  -1.36295   2.14272
79     -1.10758   1.11859   1.66320
79      1.79083   1.24873   2.00011
79      3.07643   1.69112  -0.61086

Updated Energy: -145.71414
Optimization Step: 109
Updated Coordiantes:
10 atoms
79     -0.86690  -1.28085  -2.47850
79      0.49084  -2.90704  -0.38779
79     -1.77025   1.23994  -1.20350
79      0.72419  -0.01148  -0.40592
79      0.43246   2.87499  -0.08978
79     -1.87323  -1.31104   0.27030
79      0.40323  -1.36294   2.14272
79     -1.10758   1.11860   1.66320
79      1.79081   1.24873   2.00010
79      3.07643   1.69108  -0.61084

Updated Energy: -145.71414
Optimization Step: 110
Updated Coordiantes:
10 atoms
79     -0.86691  -1.28083  -2.47848
79      0.49086  -2.90701  -0.38781
79     -1.77027   1.23994  -1.20349
79      0.72416  -0.01152  -0.40594
79      0.43246   2.87500  -0.08980
79     -1.87321  -1.31105   0.27031
79      0.40324  -1.36294   2.14271
79     -1.10759   1.11860   1.66320
79      1.79080   1.24875   2.00013
79      3.07646   1.69105  -0.61082

Updated Energy: -145.71414
Optimization Step: 111
Updated Coordiantes:
10 atoms
79     -0.86693  -1.28083  -2.47850
79      0.49088  -2.90702  -0.38782
79     -1.77029   1.23994  -1.20348
79      0.72417  -0.01147  -0.40593
79      0.43247   2.87498  -0.08982
79     -1.87321  -1.31106   0.27032
79      0.40325  -1.36293   2.14271
79     -1.10759   1.11860   1.66319
79      1.79078   1.24876   2.00012
79      3.07646   1.69102  -0.61079

Updated Energy: -145.71414
Optimization Step: 112
Updated Coordiantes:
10 atoms
79     -0.86693  -1.28082  -2.47848
79      0.49089  -2.90700  -0.38783
79     -1.77031   1.23994  -1.20347
79      0.72414  -0.01151  -0.40594
79      0.43247   2.87499  -0.08984
79     -1.87320  -1.31106   0.27032
79      0.40326  -1.36293   2.14270
79     -1.10759   1.11861   1.66319
79      1.79078   1.24878   2.00014
79      3.07649   1.69100  -0.61078

Updated Energy: -145.71414
Optimization Step: 113
Updated Coordiantes:
10 atoms
79     -0.86695  -1.28082  -2.47850
79      0.49091  -2.90700  -0.38784
79     -1.77032   1.23994  -1.20347
79      0.72416  -0.01147  -0.40593
79      0.43248   2.87498  -0.08985
79     -1.87320  -1.31107   0.27033
79      0.40327  -1.36293   2.14270
79     -1.10759   1.11861   1.66319
79      1.79076   1.24879   2.00013
79      3.07649   1.69097  -0.61076

Updated Energy: -145.71414
Optimization finished in 114 steps


Final Energy:-145.71414
Final Gradient: 
-0.00106  0.00158 -0.00190 -0.00347  0.00040  0.00176  0.00125 -0.00093 -0.00087  0.00325
 0.00133  0.00275 -0.00062 -0.00358  0.00091 -0.00063  0.00046  0.00026  0.00195 -0.00283
 0.00147 -0.00160  0.00100 -0.00198 -0.00233  0.00030 -0.00106 -0.00015  0.00210  0.00224
Final Coordinates:
10 atoms
79     -0.86695  -1.28082  -2.47850
79      0.49091  -2.90700  -0.38784
79     -1.77032   1.23994  -1.20347
79      0.72416  -0.01147  -0.40593
79      0.43248   2.87498  -0.08985
79     -1.87320  -1.31107   0.27033
79      0.40327  -1.36293   2.14270
79     -1.10759   1.11861   1.66319
79      1.79076   1.24879   2.00013
79      3.07649   1.69097  -0.61076

Final atom-atom distances:
2.90484
2.90493
2.90249
2.98559
2.91837
2.98201
2.90256
2.98559
2.91809
2.91101
